#	伤害配置表																							
#	Id		ImpactType	IgnoreSteady	ImpactParam0	ImpactParam1	ImpactParam2	ImpactParam3	ImpactParam4	ImpactParam5	ImpactParam6	ImpactParam7	ImpactParam8	ImpactParam9	ImpactParam10	ImpactParam11	ImpactParam12	ImpactParam13	ImpactParam14	ImpactParam15	ImpactParam16	ImpactParam17	ImpactParam18	ImpactParam19
#	int		int	bool	float	float	float	float	float	float	float	float	float	float	float	float	float	float	float	float	float	float	float	float
#	伤害编号	策划备注	伤害类型	覆盖普通霸体	普通伤害数字类型（自己发出）	暴击伤害数字类型（自己发出）	吸血数字类型（自己发出）	技能吸血数字类型（自己发出）	反击数字类型（自己发出）	普通伤害数字类型（别人发出）	暴击伤害数字类型（别人发出）	吸血数字类型（别人发出）	技能吸血数字类型（别人发出）	反击数字类型（别人发出）	附加基础物理攻击力	附加物理伤害百分比	附加物理伤害值	附加基础法术攻击力	附加法术伤害百分比	附加法术伤害值	真实伤害百分比	直接血上限伤害百分比	技能吸血系数	伤害参数18
	1	怪物伤害	1	FALSE	4	2	1	-1	-1	4	5	-1	-1	-1	0	1	0	0	1	0	1	0	0	-1
	100	推图48级BOSS大招伤害	1	FALSE	4	-1	-1	0	-1	4	5	-1	-1	-1	0	1	0	0	1	0	0	0	0	-1
	101	测试BUFF持续掉血	1	FALSE	4	-1	-1	-1	-1	4	5	-1	-1	-1	0	1	1	0	1	0	0	0	0	-1
	102	推图9级BOSS大招伤害	1	FALSE	4	1	3	-1	-1	4	5	-1	-1	-1	0	1	0	0	1	0	5	0	0	-1
	104	推图3级BOSS大招伤害	1	FALSE	4	1	3	-1	-1	4	5	-1	-1	-1	0	1	50	0	1	50	5	0	0	-1
	105	推图9级BOSS大招伤害	1	FALSE	4	1	3	-1	-1	4	5	-1	-1	-1	0	1	350	0	1	350	5	0	0	-1
	103	骷髅刀兵重劈伤害	1	FALSE	4	2	3	-1	-1	4	5	-1	-1	-1	0	2.5	0	0	1	0	1	0	0	-1
	106	弓箭手箭浪伤害	1	FALSE	4	2	3	-1	-1	4	5	-1	-1	-1	0	1	0	0	1	0	1	0	0	-1
	107	推图副本19级哥布林挥砍伤害	1	FALSE	4	2	3	-1	-1	4	5	-1	-1	-1	0	1	0	0	1	0	1	0	0	-1
	108	推图副本19级精英地狱男爵挥砍伤害	1	FALSE	4	2	3	-1	-1	4	5	-1	-1	-1	0	1	0	0	1	0	1	0	0	-1
	109	推图副本19级精英地狱男爵冲拳伤害	1	FALSE	4	2	3	-1	-1	4	5	-1	-1	-1	0	1	0	0	1	0	1	0	0	-1
	110	推图副本19级虚无统领闪电	1	FALSE	4	2	3	-1	-1	4	5	-1	-1	-1	0	1	0	0	1	0	1	0	0	-1
	111	推图副本19级血孱斧魔冲锋留火	1	FALSE	4	2	3	-1	-1	4	5	-1	-1	-1	0	1	0	0	1	0	1	0	0	-1
	112	推图副本19级血孱斧魔冲锋跳斩	1	FALSE	4	2	3	-1	-1	4	5	-1	-1	-1	0	5	0	0	1	0	1	0	0	-1
	113	推图副本19级血孱斧魔普通攻击1	1	FALSE	4	2	3	-1	-1	4	5	-1	-1	-1	0	1	0	0	1	0	1	0	0	-1
	114	推图副本19级血孱斧魔普通攻击2	1	FALSE	4	2	3	-1	-1	4	5	-1	-1	-1	0	1	0	0	1	0	1	0	0	-1
	115	推图副本19级投弹手投掷伤害	1	FALSE	4	2	3	-1	-1	4	5	-1	-1	-1	0	1	0	0	1	0	1	0	0	-1
	116	推图副本1级BOSS异魔王殿挥砍伤害	1	FALSE	4	2	3	-1	-1	4	5	-1	-1	-1	0	1	0	0	1	0	1	0	0	-1
	117	推图副本1级BOSS异魔王殿冲拳伤害	1	FALSE	4	2	3	-1	-1	4	5	-1	-1	-1	0	1	0	0	1	0	1	0	0	-1
	118	推图副本1级BOSS异魔王殿裂地伤害	1	FALSE	4	2	3	-1	-1	4	5	-1	-1	-1	0	1	0	0	1	0	1	0	0	-1
	119	推图副本2级BOSS亡灵将军挥砍伤害	1	FALSE	4	2	3	-1	-1	4	5	-1	-1	-1	0	1	0	0	1	0	1	0	0	-1
	120	推图副本2级BOSS亡灵将军刺剑伤害	1	FALSE	4	2	3	-1	-1	4	5	-1	-1	-1	0	1	0	0	1	0	1	0	0	-1
	121	推图副本2级BOSS亡灵将军砸地伤害	1	FALSE	4	2	3	-1	-1	4	5	-1	-1	-1	0	1	0	0	1	0	1	0	0	-1
	122	推图副本2级BOSS亡灵将军回身斩伤害	1	FALSE	4	2	3	-1	-1	4	5	-1	-1	-1	0	1	0	0	1	0	1	0	0	-1
	123	推图副本2级BOSS亡灵将军大风车伤害	1	FALSE	4	2	3	-1	-1	4	5	-1	-1	-1	0	1	0	0	1	0	1	0	0	-1
	124	推图副本3级BOSS铁拳跳跃扑伤害	1	FALSE	4	2	3	-1	-1	4	5	-1	-1	-1	0	1	0	0	1	0	1	0	0	-1
	125	推图副本5级BOSS地狱男爵跳跃砸地伤害	1	FALSE	4	2	3	-1	-1	4	5	-1	-1	-1	0	1	0	0	1	0	1	0	0	-1
	126	推图副本10级BOSS机械狼王普通攻击伤害	1	FALSE	4	2	3	-1	-1	4	5	-1	-1	-1	0	1	0	0	1	0	1	0	0	-1
	127	推图副本10级BOSS机械狼王翻滚扑击伤害	1	FALSE	4	2	3	-1	-1	4	5	-1	-1	-1	0	1	0	0	1	0	1	0	0	-1
	128	推图副本10级BOSS机械狼王兽魂攻击伤害	1	FALSE	4	2	3	-1	-1	4	5	-1	-1	-1	0	1	0	0	1	0	1	0	0	-1
	129	推图副本6级BOSS灵魂盾将飞扑攻击伤害	1	FALSE	4	2	3	-1	-1	4	5	-1	-1	-1	0	1	0	0	1	0	1	0	0	-1
	130	推图副本6级悬石怪攻击伤害	1	FALSE	4	2	3	-1	-1	4	5	-1	-1	-1	0	1	0	0	1	0	1	0	0	-1
	131	推图副本7级魔化盾斧兵冲锋技能攻击伤害	1	FALSE	4	2	3	-1	-1	4	5	-1	-1	-1	0	1	0	0	1	10	1	0	0	-1
	132	推图副本7级BOSS普攻伤害	1	FALSE	4	2	3	-1	-1	4	5	-1	-1	-1	0	1	0	0	1	10	1	0	0	-1
	133	推图副本7级BOSS无影刀伤害	1	FALSE	4	2	3	-1	-1	4	5	-1	-1	-1	0	1	0	0	1	10	1	0	0	-1
	134	推图副本8级BOSS死亡收割伤害	1	FALSE	4	2	3	-1	-1	4	5	-1	-1	-1	0	1	0	0	1	10	1	0	0	-1
	135	推图副本15级BOSS挥击伤害	1	FALSE	4	2	3	-1	-1	4	5	-1	-1	-1	0	1	0	0	1	10	1	0	0	-1
	136	推图副本15级BOSS横抡伤害	1	FALSE	4	2	3	-1	-1	4	5	-1	-1	-1	0	1	0	0	1	10	1	0	0	-1
	137	推图副本15级BOSS转身锤伤害	1	FALSE	4	2	3	-1	-1	4	5	-1	-1	-1	0	1	0	0	1	10	1	0	0	-1
	138	推图副本15级BOSS旋风伤害	1	FALSE	4	2	3	-1	-1	4	5	-1	-1	-1	0	1	0	0	1	10	1	0	0	-1
	139	推图副本15级BOSS三连击伤害	1	FALSE	4	2	3	-1	-1	4	5	-1	-1	-1	0	1	0	0	1	10	1	0	0	-1
	140	推图副本15级BOSS大地一击伤害	1	FALSE	4	2	3	-1	-1	4	5	-1	-1	-1	0	1	0	0	1	10	1	0	0	-1
	141	推图副本15级BOSS旋转突击伤害	1	FALSE	4	2	3	-1	-1	4	5	-1	-1	-1	0	1	0	0	1	10	1	0	0	-1
	142	推图副本11级盾斧兵技能伤害	1	FALSE	4	2	3	-1	-1	4	5	-1	-1	-1	0	1	0	0	1	10	1	0	0	-1
	143	推图副本11级BOSS技能伤害	1	FALSE	4	2	3	-1	-1	4	5	-1	-1	-1	0	1	0	0	1	10	1	0	0	-1
	144	推图副本19级投弹手投掷伤害	1	FALSE	4	2	3	-1	-1	4	5	-1	-1	-1	0	1	0	0	1	0	1	0	0	-1
	145	推图副本1级青狼投掷伤害	1	FALSE	4	2	3	-1	-1	4	5	-1	-1	-1	0	1	0	0	1	0	1	0	0	-1
	146	推图副本8级BOSS砸地伤害	1	FALSE	4	2	3	-1	-1	4	5	-1	-1	-1	0	1	0	0	1	0	1	0	0	-1
	147	推图副本2级骷髅弓手射击伤害	1	FALSE	4	2	3	-1	-1	4	5	-1	-1	-1	0	1	0	0	1	0	1	0	0	-1
	148	推图副本1级密林弓手射击伤害	1	FALSE	4	2	3	-1	-1	4	5	-1	-1	-1	0	1	0	0	1	0	1	0	0	-1
	1000	英雄通用物理伤害（临时）	1	FALSE	1	2	3	-1	-1	4	5	-1	-1	-1	0	1	0	0	0	0	1	0	0	-1
	1001	英雄通用法术伤害（临时）	1	FALSE	1	2	3	-1	-1	4	5	-1	-1	-1	0	0	0	0	1	0	1	0	0	-1
	1000101	亚瑟连续技前两下	1	FALSE	1	2	3	-1	4	4	5	-1	-1	-1	0	0.6	0	0	0	0	0.6	0	0	-1
	1000301	亚瑟连续技第三下（连续三击）	1	FALSE	1	2	3	-1	4	4	5	-1	-1	-1	0	0.6	0	0	0	0	0.6	0	0	-1
	1000401	亚瑟连续技第四下（连续两击）	1	FALSE	1	2	3	-1	4	4	5	-1	-1	-1	0	0.6	0	0	0	0	0.6	0	0	-1
	1000501	亚瑟连续技第五下	1	FALSE	1	2	3	-1	4	4	5	-1	-1	-1	0	1	0	0	0	0	1	0	0	-1
	1000601	亚瑟skill1砸地冲击波LV1	1	FALSE	1	2	3	-1	4	4	5	-1	-1	-1	0	3	0	0	0	0	3	0	0	-1
	1000701	亚瑟skill2连续斩伤害LV1	1	FALSE	1	2	3	-1	4	4	5	-1	-1	-1	0	0.6	0	0	0	0	0.6	0	0	-1
	1000711	亚瑟skill2连续斩结束一击伤害LV1	1	FALSE	1	2	3	-1	4	4	5	-1	-1	-1	0	1	0	0	0	0	1	0	0	-1
	1000801	亚瑟skill3风火轮伤害LV1	1	FALSE	1	2	3	-1	4	4	5	-1	-1	-1	0	0.46	0	0	0	0	0.46	0	0	-1
	1000811	亚瑟skill3风火轮结束一击伤害LV1	1	FALSE	1	2	3	-1	4	4	5	-1	-1	-1	0	1	0	0	0	0	1	0	0	-1
	1000901	亚瑟skill4切换技伤害LV1	1	FALSE	1	2	3	-1	4	4	5	-1	-1	-1	0	3	0	0	0	0	3	0	0	-1
	1000911	亚瑟skill4切换技刀锋伤害LV1	1	FALSE	1	2	3	-1	4	4	5	-1	-1	-1	0	5	0	0	0	0	5	0	0	-1
 	1010101	荆轲连续技前3下	1	FALSE	1	2	3	-1	4	4	5	-1	-1	-1	0	0.8	0	0	0	0	0.8	0	0	-1
	1010401	荆轲连续技第4下三连击	1	FALSE	1	2	3	-1	4	4	5	-1	-1	-1	0	0.5	0	0	0	0	0.5	0	0	-1
	1010501	荆轲连续技第5下	1	FALSE	1	2	3	-1	4	4	5	-1	-1	-1	0	1.2	0	0	0	0	1.2	0	0	-1
	1010601	荆轲连skill1吸人技连续伤害	1	FALSE	1	2	3	3	4	4	5	-1	-1	-1	0	1.2	0	0	0	0	1.2	0	0.1	-1
	1010611	荆轲连skill1吸人技砸地伤害	1	FALSE	1	2	3	-1	4	4	5	-1	-1	-1	0	3	0	0	0	0	3	0	0.1	-1
	1010701	荆轲连skill2穿梭技伤害	1	FALSE	1	2	3	-1	4	4	5	-1	-1	-1	0	2.5	0	0	0	0	2.5	0	0	-1
	1010801	荆轲连skill3闪现技伤害	1	FALSE	1	2	3	3	4	4	5	-1	-1	-1	0	0.75	0	0	0	0	0.75	0	0.5	-1
	1010811	荆轲连skill3闪现技伤害最后一下	1	FALSE	1	2	3	3	4	4	5	-1	-1	-1	0	1	0	0	0	0	1	0	0.5	-1
	1010901	荆轲连skill4切换技伤害	1	FALSE	1	2	3	-1	4	4	5	-1	-1	-1	0	8	0	0	0	0	8	0	0	-1
	1030101	卡特琳娜前三下子弹伤害	1	FALSE	1	2	3	-1	4	4	5	-1	-1	-1	0	0.45	0	0	0	0	0.45	0	0	-1
	1030401	卡特琳娜第四下狙击子弹伤害	1	FALSE	1	2	3	-1	4	4	5	-1	-1	-1	0	0.8	0	0	0	0	0.8	0	0	-1
	1030501	卡特琳娜风车射击伤害	1	FALSE	1	2	3	-1	4	4	5	-1	-1	-1	0	0.37	0	0	0	0	0.37	0	0	-1
	1030591	卡特琳娜风车射击伤害（打燃烧目标）	1	FALSE	1	2	3	-1	4	4	5	-1	-1	-1	0	0.45	0	0	0	0	0.45	0	0	-1
	1030601	卡特琳娜五角星五个角伤害	1	FALSE	1	2	3	-1	4	4	5	-1	-1	-1	0	0.6	0	0	0	0	0.6	0	0	-1
	1030611	卡特琳娜五角星持续伤害	1	FALSE	1	2	3	-1	4	4	5	-1	-1	-1	0	0.875	0	0	0	0	0.875	0	0	-1
	1030621	卡特琳娜五角星最后爆炸伤害	1	FALSE	1	2	3	-1	4	4	5	-1	-1	-1	0	5	0	0	0	0	5	0	0	-1
	1030701	卡特琳娜大狙狙地伤害	1	FALSE	1	2	3	-1	4	4	5	-1	-1	-1	0	6.5	0	0	0	0	6.5	0	0	-1
	1030791	卡特琳娜大狙狙地伤害（打燃烧目标）	1	FALSE	1	2	3	-1	4	4	5	-1	-1	-1	0	8	0	0	0	0	8	0	0	-1
	1030711	卡特琳娜大狙残留火焰buff伤害	1	FALSE	1	2	3	-1	4	4	5	-1	-1	-1	0	0.5	0	0	0	0	0.5	0	0	-1
	1030801	卡特琳娜切换技伤害	1	FALSE	1	2	3	-1	4	4	5	-1	-1	-1	0	6	0	0	0	0	6	0	0	-1
	1030891	卡特琳娜切换技伤害（打燃烧目标）	1	FALSE	1	2	3	-1	4	4	5	-1	-1	-1	0	7.5	0	0	0	0	7.5	0	0	-1
	1030811	卡特琳娜切换技陷阱持续伤害	1	FALSE	1	2	3	-1	4	4	5	-1	-1	-1	0	0.5	0	0	0	0	0.5	0	0	-1
	1040101	梅林连续技第一二下	1	FALSE	1	2	3	-1	4	4	5	-1	-1	-1	0	0	0	0	0.7	0	0.7	0	0	-1
	1040301	梅林连续技第三下	1	FALSE	1	2	3	-1	4	4	5	-1	-1	-1	0	0	0	0	1.4	0	1.4	0	0	-1
	1040401	梅林连续技第四下起升	1	FALSE	1	2	3	-1	4	4	5	-1	-1	-1	0	0	0	0	0.3	0	0.3	0	0	-1
	1040411	梅林连续技第四下坠落重击	1	FALSE	1	2	3	-1	4	4	5	-1	-1	-1	0	0	0	0	1	0	1	0	0	-1
	1040501	梅林skill1子弹伤害	1	FALSE	1	2	3	-1	4	4	5	-1	-1	-1	0	0	0	0	0.6	0	0.6	0	0	-1
	1040601	梅林skill2闪电链伤害	1	FALSE	1	2	3	-1	4	4	5	-1	-1	-1	0	0	0	0	1.14	0	1.14	0	0	-1
	1040701	梅林skill3黑洞起手伤害	1	FALSE	1	2	3	-1	4	4	5	-1	-1	-1	0	0	0	0	0.4	0	0.4	0	0	-1
	1040711	梅林skill3黑洞持续伤害	1	FALSE	1	2	3	-1	4	4	5	-1	-1	-1	0	0	0	0	0.75	0	0.75	0	0	-1
	1040721	梅林skill3黑洞结束伤害	1	FALSE	1	2	3	-1	4	4	5	-1	-1	-1	0	0	0	0	1	0	1	0	0	-1
	1040801	梅林skill4闪电伤害第一下	1	FALSE	1	2	3	-1	4	4	5	-1	-1	-1	0	0	0	0	1	0	1	0	0	-1
	1040811	梅林skill4闪电伤害连续电	1	FALSE	1	2	3	-1	4	4	5	-1	-1	-1	0	0	0	0	1	0	1	0	0	-1
	1050101	凯撒连续技	1	FALSE	1	2	3	-1	4	4	5	-1	-1	-1	0	1	0	0	0	0	1	0	0	-1
	1050601	凯撒skill1乱拳前六下	1	FALSE	1	2	3	-1	4	4	5	-1	-1	-1	0	0.75	0	0	0	0	0.75	0	0	-1
	1050611	凯撒skill1乱拳后十四下	1	FALSE	1	2	3	-1	4	4	5	-1	-1	-1	0	0.7	0	0	0	0	0.7	0	0	-1
	1050701	凯撒skill2子弹伤害	1	FALSE	1	2	3	-1	4	4	5	-1	-1	-1	0	0.8	0	0	0	0	0.8	0	0	-1
	1050801	凯撒skill3连续冲拳	1	FALSE	1	2	3	-1	4	4	5	-1	-1	-1	0	1.75	0	0	0	0	1	0	0	-1
	1050811	凯撒skill3连续冲拳最后一击	1	FALSE	1	2	3	-1	4	4	5	-1	-1	-1	0	3	0	0	0	0	1	0	0	-1
	1050901	凯撒skill4切换技第一下	1	FALSE	1	2	3	-1	4	4	5	-1	-1	-1	0	2	0	0	0	0	1	0	0	-1
	1050911	凯撒skill4切换技第二下	1	FALSE	1	2	3	-1	4	4	5	-1	-1	-1	0	3.333	0	0	0	0	1	0	0	-1
	1070101	链球男连续技1-4	1	FALSE	1	2	3	-1	4	4	5	-1	-1	-1	0	1.6	0	0	0	0	1.6	0	0	-1
	1070501	链球男第5下	1	FALSE	1	2	3	-1	4	4	5	-1	-1	-1	0	2	0	0	0	0	2	0	0	-1
	1070601	链球男skill1推出球+坠球	1	FALSE	1	2	3	-1	4	4	5	-1	-1	-1	0	2.5	0	0	0	0	2.5	0	0	-1
	1070611	链球男skill1拉近	1	FALSE	1	2	3	-1	4	4	5	-1	-1	-1	0	1	0	0	0	0	1	0	0	-1
	1070621	链球男skill1下砸	1	FALSE	1	2	3	-1	4	4	5	-1	-1	-1	0	4	0	0	0	0	4	0	0	-1
	1070701	链球男skill2连续砸地	1	FALSE	1	2	3	-1	4	4	5	-1	-1	-1	0	1.16	0	0	0	0	1.16	0	0	-1
	1070801	链球男skill3大风车	1	FALSE	1	2	3	-1	4	4	5	-1	-1	-1	0	1	0	0	0	0	1	0	0	-1
	1070811	链球男skill3大风车结束一击	1	FALSE	1	2	3	-1	4	4	5	-1	-1	-1	0	2	0	0	0	0	2	0	0	-1
	1070901	链球男切换技	1	FALSE	1	2	3	-1	4	4	5	-1	-1	-1	0	1.125	0	0	0	0	1.125	0	0	-1
	1070911	链球男切换技结束一击	1	FALSE	1	2	3	-1	4	4	5	-1	-1	-1	0	2	0	0	0	0	2	0	0	-1
	1080101	小萝莉连续技前两下子弹	1	FALSE	1	2	3	-1	4	4	5	-1	-1	-1	0	0	0	0	0.45	0	0.45	0	0	-1
	1080301	小萝莉连续技第三下子弹	1	FALSE	1	2	3	-1	4	4	5	-1	-1	-1	0	0	0	0	1	0	1	0	0	-1
	1080401	小萝莉连续技第四下子弹	1	FALSE	1	2	3	-1	4	4	5	-1	-1	-1	0	0	0	0	1.2	0	1.2	0	0	-1
	1080501	小萝莉skill1蓄力冰冻条前提伤害	1	FALSE	1	2	3	-1	4	4	5	-1	-1	-1	0	0	0	0	1	0	1	0	0	-1
	1080511	小萝莉skill1蓄力冰冻条射出	1	FALSE	1	2	3	-1	4	4	5	-1	-1	-1	0	0	0	0	4	0	4	0	0	-1
	1080601	小萝莉skill2砸地连射砸地	1	FALSE	1	2	3	-1	4	4	5	-1	-1	-1	0	0	0	0	1	0	1	0	0	-1
	1080611	小萝莉skill2砸地连射连射	1	FALSE	1	2	3	-1	4	4	5	-1	-1	-1	0	0	0	0	0.467	0	0.467	0	0	-1
	1080621	小萝莉skill2砸地连射最后冰冻射	1	FALSE	1	2	3	-1	4	4	5	-1	-1	-1	0	0	0	0	1.5	0	1.5	0	0	-1
	1080701	小萝莉skill3大激光	1	FALSE	1	2	3	-1	4	4	5	-1	-1	-1	0	0	0	0	0.417	0	0.417	0	0	-1
	1080801	小萝莉切换技砸地	1	FALSE	1	2	3	-1	4	4	5	-1	-1	-1	0	0	0	0	1.5	0	1.5	0	0	-1
	1080811	小萝莉切换技连射	1	FALSE	1	2	3	-1	4	4	5	-1	-1	-1	0	0	0	0	1.5	0	1.5	0	0	-1
	1100101	贞德连续技	1	FALSE	1	2	3	-1	4	4	5	-1	-1	-1	0	1	0	0	0	0	1	0	0	-1
	1100401	贞德连续技三分之一伤害	1	FALSE	1	2	3	-1	4	4	5	-1	-1	-1	0	1	0	0	0	0	1	0	0	-1
	1100501	贞德连续技二分之一伤害	1	FALSE	1	2	3	-1	4	4	5	-1	-1	-1	0	1	0	0	0	0	1	0	0	-1
	1110601	杰克skill1吸血技能LV1	1	FALSE	1	2	3	3	4	4	5	-1	-1	-1	0	1	0	0	1	0	0	0	0.03	-1
	1110701	杰克skill2图腾伤害LV1	1	FALSE	1	2	3	-1	4	4	5	-1	-1	-1	0	0.2	0	0	0.2	0	0	0	0	-1
	1110801	杰克skill3进入魔鬼状态伤害LV1	1	FALSE	1	2	3	-1	4	4	5	-1	-1	-1	0	0.2	0	0	0.2	0	0	0	0	-1
	1110811	杰克skill3魔鬼状态连续技伤害LV1	1	FALSE	1	2	3	-1	4	4	5	-1	-1	-1	0	1	0	0	1	0	0	0	0	-1
	1110899	杰克skill3进入魔鬼状态自残伤害LV1	1	FALSE	-1	-1	3	-1	4	4	5	-1	-1	-1	0	-1	-1	-1	-1	-1	-1	0.025	-1	-1
	1110901	杰克skill4切换技伤害	1	FALSE	1	2	3	-1	4	4	5	-1	-1	-1	0	1	0	0	1	0	0	0	0	-1
	1120101	达芬奇连续技第1下	1	FALSE	1	2	3	-1	4	4	5	-1	-1	-1	0	1.1	0	0	0	0	1.1	0	0	-1
	1120201	达芬奇连续技第2下	1	FALSE	1	2	3	-1	4	4	5	-1	-1	-1	0	1.1	0	0	0	0	1.1	0	0	-1
	1120301	达芬奇连续技第3下	1	FALSE	1	2	3	-1	4	4	5	-1	-1	-1	0	1.1	0	0	0	0	1.1	0	0	-1
	1120401	达芬奇连续技第4下	1	FALSE	1	2	3	-1	4	4	5	-1	-1	-1	0	0.4	0	0	0	0	0.4	0	0	-1
	1120501	达芬奇连续技第5下	1	FALSE	1	2	3	-1	4	4	5	-1	-1	-1	0	1.1	0	0	0	0	1.1	0	0	-1
	1120601	达芬奇skill1污染球	1	FALSE	1	2	3	-1	4	4	5	-1	-1	-1	0	0.7	0	0	0	0	0.7	0	0	-1
	1120701	达芬奇skill2蓄力锅炉	1	FALSE	1	2	3	-1	4	4	5	-1	-1	-1	0	10	0	0	0	0	10	0	0	-1
	1120801	达芬奇skill3大风车初始砸地	1	FALSE	1	2	3	-1	4	4	5	-1	-1	-1	0	1	0	0	0	0	1	0	0	-1
	1120811	达芬奇skill3大风车	1	FALSE	1	2	3	-1	4	4	5	-1	-1	-1	0	0.65	0	0	0	0	0.65	0	0	-1
	1120821	达芬奇skill3大风车结束砸地	1	FALSE	1	2	3	-1	4	4	5	-1	-1	-1	0	1	0	0	0	0	1	0	0	-1
	1120901	达芬奇切换技扫射	1	FALSE	1	2	3	-1	4	4	5	-1	-1	-1	0	1	0	0	0	0	1	0	0	-1
	1120911	达芬奇切换技跳下	1	FALSE	1	2	3	-1	4	4	5	-1	-1	-1	0	4	0	0	0	0	4	0	0	-1
	1140711	埃及艳后skill2普通伤害	1	FALSE	1	2	3	-1	4	4	5	-1	-1	-1	0	0.5	0	0	1	0.5	0	0	0	-1
	1140791	埃及艳后skill2爆炸伤害（有火药）	1	FALSE	1	2	3	-1	4	4	5	-1	-1	-1	0	6	0	0	1	6	0	0	0	-1
	1140811	埃及艳后skill3普通伤害	1	FALSE	1	2	3	-1	4	4	5	-1	-1	-1	0	0.8	0	0	1	0.8	0	0	0	-1
	1140891	埃及艳后skill3爆炸伤害（有火药）	1	FALSE	1	2	3	-1	4	4	5	-1	-1	-1	0	6	0	0	1	6	0	0	0	-1
	1140911	埃及艳后skill4普通伤害	1	FALSE	1	2	3	-1	4	4	5	-1	-1	-1	0	0.8	0	0	1	0.8	0	0	0	-1
	1140991	埃及艳后skill4爆炸伤害（有火药）	1	FALSE	1	2	3	-1	4	4	5	-1	-1	-1	0	10	0	0	1	10	0	0	0	-1
	1150101	岳飞连续技伤害前三下	1	FALSE	1	2	3	-1	4	4	5	-1	-1	-1	0	0.7	0	0	0	0	0.7	0	0	-1
	1150401	岳飞连续技伤害第四下	1	FALSE	1	2	3	-1	4	4	5	-1	-1	-1	0	0.34	0	0	0	0	0.34	0	0	-1
	1150501	岳飞连续技伤害第五下	1	FALSE	1	2	3	-1	4	4	5	-1	-1	-1	0	1	0	0	0	0	1	0	0	-1
	1150601	岳飞skill1突刺伤害	1	FALSE	1	2	3	-1	4	4	5	-1	-1	-1	0	6	0	0	0	0	6	0	0	-1
	1150701	岳飞skill2龙骑伤害	1	FALSE	1	2	3	-1	4	4	5	-1	-1	-1	0	0.8	0	0	0	0	0.8	0	0	-1
	1150801	岳飞skill3大风车慢速阶段	1	FALSE	1	2	3	-1	4	4	5	-1	-1	-1	0	0.333	0	0	0	0	0.333	0	0	-1
	1150811	岳飞skill3大风车高速阶段	1	FALSE	1	2	3	-1	4	4	5	-1	-1	-1	0	0.277	0	0	0	0	0.277	0	0	-1
	1150821	岳飞skill3大风车结束一击	1	FALSE	1	2	3	-1	4	4	5	-1	-1	-1	0	1	0	0	0	0	1	0	0	-1
	1150901	岳飞skill4切换技钻头	1	FALSE	1	2	3	-1	4	4	5	-1	-1	-1	0	1	0	0	0	0	1	0	0	-1
	1150911	岳飞skill4切换技钻头结束一击	1	FALSE	1	2	3	-1	4	4	5	-1	-1	-1	0	1.5	0	0	0	0	1.5	0	0	-1
	1190411	噬毒者连续技4爆炸	1	FALSE	1	2	3	-1	4	4	5	-1	-1	-1	0	0.8	0	0	1	0.8	0	0	0	-1
	1190491	噬毒者连续技4爆炸（毒雾Buff）	1	FALSE	1	2	3	-1	4	4	5	-1	-1	-1	0	4	0	0	1	4	0	0	0	-1
	1190711	噬毒者Skill2毒火爆炸	1	FALSE	1	2	3	-1	4	4	5	-1	-1	-1	0	0.6	0	0	1	0.6	0	0	0	-1
	1190791	噬毒者Skill2毒火爆炸（毒雾Buff）	1	FALSE	1	2	3	-1	4	4	5	-1	-1	-1	0	8	0	0	1	8	0	0	0	-1
#	伤害编号	策划备注	伤害类型	FALSE	加血数字类型（自己发出）	加血数字类型（别人发出）	直接加的数值	加目标血量上限的百分比	加当前物理攻击力的百分比	加当前法术攻击力的百分比														
	1110711	杰克skill3图腾吸加血	2	FALSE	2	2	0	0.03	0	0	-1	-1	-1	-1	-1	-1	-1	-1	-1	-1	-1	-1	-1	-1
#		状态伤害_击退	伤害类型	FALSE	地面硬直时间	地面击退开始时间	地面击退距离	地面击退时间	地面击退方式：0.沿目标和伤害来源的延长线方向。、1.沿伤害来源朝向	地面硬直动画类型(此表所有动画类型都是这个)：0.地面普通打击、1.地面强力打击、2.保持站立姿态、3.旋转动画10.空中普通打击、11.空中强力打击重击弹地、20.浮空第一段、21.浮空第二段、30.击飞第一段、31.击飞第二段	空中硬直时间	空中击退开始时间	空中击退距离	空中击退时间	空中击退方式	空中僵直动画类型	空中降落时间	空中降落距离	倒地时间	降落动画类型				
	10000	无击退-中	101	FALSE	1.33	0	0	0	1	0	0.7	0	0	0	1	10	0.6	0.5	0.5	21	-1	-1	-1	-1
	10001	无击退-左	101	FALSE	1.33	0	0	0	1	0	0.7	0	0	0	1	10	0.6	0.5	0.5	21	-1	-1	-1	-1
	10002	无击退-右	101	FALSE	1.33	0	0	0	1	0	0.7	0	0	0	1	10	0.6	0.5	0.5	21	-1	-1	-1	-1
	10010	0.1米击退-中	101	FALSE	1.33	0	0.1	0	1	0	0.7	0	0.1	0	1	10	0.6	0.5	0.5	21	-1	-1	-1	-1
	10011	0.1米击退-左-废弃	101	FALSE	1.33	0	0.1	0	1	0	0.7	0	0.1	0	1	10	0.6	0.5	0.5	21	-1	-1	-1	-1
	10012	0.1米击退-右-废弃	101	FALSE	1.33	0	0.1	0	1	0	0.7	0	0.1	0	1	10	0.6	0.5	0.5	21	-1	-1	-1	-1
	10013	0.1米击退-重-废弃	101	FALSE	1.33	0	0.1	0	1	0	0.7	0	0.1	0	1	10	0.6	0.5	0.5	21	-1	-1	-1	-1
	10020	0.2米击退-中	101	FALSE	1.33	0	0.2	0.05	1	0	0.7	0	0.2	0.05	1	10	0.6	0.5	0.5	21	-1	-1	-1	-1
	10021	0.2米击退-左-废弃	101	FALSE	1.33	0	0.2	0.05	1	0	0.7	0	0.2	0.05	1	10	0.6	0.5	0.5	21	-1	-1	-1	-1
	10022	0.2米击退-右-废弃	101	FALSE	1.33	0	0.2	0.05	1	0	0.7	0	0.2	0.05	1	10	0.6	0.5	0.5	21	-1	-1	-1	-1
	10023	0.2米击退-重-废弃	101	FALSE	1.33	0	0.2	0.05	1	0	0.7	0	0.2	0.05	1	10	0.6	0.5	0.5	21	-1	-1	-1	-1
	10030	0.5米击退-中	101	FALSE	1.33	0	0.3	0.05	1	0	0.7	0	0.3	0.05	1	10	0.6	0.5	0.5	21	-1	-1	-1	-1
	10031	0.5米击退-左-废弃	101	FALSE	1.33	0	0.3	0.05	1	0	0.7	0	0.3	0.05	1	10	0.6	0.5	0.5	21	-1	-1	-1	-1
	10032	0.5米击退-右-废弃	101	FALSE	1.33	0	0.3	0.05	1	0	0.7	0	0.3	0.05	1	10	0.6	0.5	0.5	21	-1	-1	-1	-1
	10033	0.5米击退-重-废弃	101	FALSE	1.33	0	0.3	0.05	1	0	0.7	0	0.3	0.05	1	10	0.6	0.5	0.5	21	-1	-1	-1	-1
	10040	0.4米击退-中	101	FALSE	1.33	0	0.4	0.05	1	0	0.7	0	0.4	0.05	1	10	0.6	0.5	0.5	21	-1	-1	-1	-1
	10050	0.5米击退-中	101	FALSE	1.33	0	0.5	0.05	1	0	0.7	0	0.5	0.05	1	10	0.6	0.5	0.5	21	-1	-1	-1	-1
	10051	0.5米击退-左-废弃	101	FALSE	1.33	0	0.5	0.05	1	0	0.7	0	0.5	0.05	1	10	0.6	0.5	0.5	21	-1	-1	-1	-1
	10052	0.5米击退-右-废弃	101	FALSE	1.33	0	0.5	0.05	1	0	0.7	0	0.5	0.05	1	10	0.6	0.5	0.5	21	-1	-1	-1	-1
	10053	0.5米击退-重-废弃	101	FALSE	1.33	0	0.5	0.05	1	0	0.7	0	0.5	0.05	1	10	0.6	0.5	0.5	21	-1	-1	-1	-1
	10060	0.6米击退-中	101	FALSE	1.33	0	0.6	0.1	1	0	0.7	0	0.6	0.05	1	10	0.6	0.5	0.5	21	-1	-1	-1	-1
	10061	0.6米击退-左-废弃	101	FALSE	1.33	0	0.6	0.1	1	0	0.7	0	0.6	0.05	1	10	0.6	0.5	0.5	21	-1	-1	-1	-1
	10062	0.6米击退-右-废弃	101	FALSE	1.33	0	0.6	0.1	1	0	0.7	0	0.6	0.05	1	10	0.6	0.5	0.5	21	-1	-1	-1	-1
	10063	0.6米击退-重-废弃	101	FALSE	1.33	0	0.6	0.1	1	0	0.7	0	0.6	0.05	1	10	0.6	0.5	0.5	21	-1	-1	-1	-1
	10070	0.7米击退-中	101	FALSE	1.33	0	0.7	0.1	1	0	0.7	0	0.7	0.05	1	10	0.6	0.5	0.5	21	-1	-1	-1	-1
	10071	0.7米击退-左-废弃	101	FALSE	1.33	0	0.7	0.1	1	0	0.7	0	0.7	0.05	1	10	0.6	0.5	0.5	21	-1	-1	-1	-1
	10072	0.7米击退-右-废弃	101	FALSE	1.33	0	0.7	0.1	1	0	0.7	0	0.7	0.05	1	10	0.6	0.5	0.5	21	-1	-1	-1	-1
	10073	0.7米击退-重-废弃	101	FALSE	1.33	0	0.7	0.1	1	0	0.7	0	0.7	0.05	1	10	0.6	0.5	0.5	21	-1	-1	-1	-1
	10080	0.5米击退-中	101	FALSE	1.33	0	0.8	0.1	1	0	0.7	0	0.8	0.05	1	10	0.6	0.5	0.5	21	-1	-1	-1	-1
	10081	0.5米击退-左-废弃	101	FALSE	1.33	0	0.8	0.1	1	0	0.7	0	0.8	0.05	1	10	0.6	0.5	0.5	21	-1	-1	-1	-1
	10082	0.5米击退-右-废弃	101	FALSE	1.33	0	0.8	0.1	1	0	0.7	0	0.8	0.05	1	10	0.6	0.5	0.5	21	-1	-1	-1	-1
	10083	0.5米击退-重-废弃	101	FALSE	1.33	0	0.8	0.1	1	0	0.7	0	0.8	0.05	1	10	0.6	0.5	0.5	21	-1	-1	-1	-1
	10100	1米击退-中	101	FALSE	1.33	0	1	0.1	1	0	0.7	0	1	0.05	1	10	0.6	0.5	0.5	21	-1	-1	-1	-1
	10101	1米击退-左-废弃	101	FALSE	1.33	0	1	0.1	1	0	0.7	0	1	0.05	1	10	0.6	0.5	0.5	21	-1	-1	-1	-1
	10102	1米击退-右-废弃	101	FALSE	1.33	0	1	0.1	1	0	0.7	0	1	0.05	1	10	0.6	0.5	0.5	21	-1	-1	-1	-1
	10103	1米击退-重-废弃	101	FALSE	1.33	0	1	0.1	1	0	0.7	0	1	0.05	1	10	0.6	0.5	0.5	21	-1	-1	-1	-1
	10150	1.5米击退-中	101	FALSE	1.33	0	1.5	0.1	1	0	0.7	0	1.5	0.05	1	10	0.6	0.5	0.5	21	-1	-1	-1	-1
	10151	1.5米击退-左-废弃	101	FALSE	1.33	0	1.5	0.1	1	0	0.7	0	1.5	0.05	1	10	0.6	0.5	0.5	21	-1	-1	-1	-1
	10152	1.5米击退-右-废弃	101	FALSE	1.33	0	1.5	0.1	1	0	0.7	0	1.5	0.05	1	10	0.6	0.5	0.5	21	-1	-1	-1	-1
	10153	1.5米击退-重-废弃	101	FALSE	1.33	0	1.5	0.1	1	0	0.7	0	1.5	0.05	1	10	0.6	0.5	0.5	21	-1	-1	-1	-1
	10200	2米击退-中	101	FALSE	1.33	0	2	0.1	1	0	0.7	0	2	0.05	1	10	0.6	0.5	0.5	21	-1	-1	-1	-1
	10201	2米击退-左-废弃	101	FALSE	1.33	0	2	0.1	1	0	0.7	0	2	0.05	1	10	0.6	0.5	0.5	21	-1	-1	-1	-1
	10202	2米击退-右-废弃	101	FALSE	1.33	0	2	0.1	1	0	0.7	0	2	0.05	1	10	0.6	0.5	0.5	21	-1	-1	-1	-1
	10203	2米击退-重-废弃	101	FALSE	1.33	0	2	0.1	1	0	0.7	0	2	0.05	1	10	0.6	0.5	0.5	21	-1	-1	-1	-1
	10250	2.5米击退-中	101	FALSE	1.33	0	2.5	0.1	1	0	0.7	0	2.5	0.1	1	10	0.6	0.5	0.5	21	-1	-1	-1	-1
	10251	2.5米击退-左-废弃	101	FALSE	1.33	0	2.5	0.1	1	0	0.7	0	2.5	0.1	1	10	0.6	0.5	0.5	21	-1	-1	-1	-1
	10252	2.5米击退-右-废弃	101	FALSE	1.33	0	2.5	0.1	1	0	0.7	0	2.5	0.1	1	10	0.6	0.5	0.5	21	-1	-1	-1	-1
	10253	2.5米击退-重-废弃	101	FALSE	1.33	0	2.5	0.1	1	0	0.7	0	2.5	0.1	1	10	0.6	0.5	0.5	21	-1	-1	-1	-1
	10300	3米击退-中	101	FALSE	1.33	0	3	0.1	1	0	0.7	0	3	0.1	1	10	0.6	0.5	0.5	21	-1	-1	-1	-1
	10301	3米击退-左-废弃	101	FALSE	1.33	0	3	0.1	1	0	0.7	0	3	0.1	1	10	0.6	0.5	0.5	21	-1	-1	-1	-1
	10302	3米击退-右-废弃	101	FALSE	1.33	0	3	0.1	1	0	0.7	0	3	0.1	1	10	0.6	0.5	0.5	21	-1	-1	-1	-1
	10303	3米击退-重-废弃	101	FALSE	1.33	0	3	0.1	1	0	0.7	0	3	0.1	1	10	0.6	0.5	0.5	21	-1	-1	-1	-1
	10500	5米击退-中	101	FALSE	1.33	0	5	0.1	1	0	0.7	0	5	0.15	1	10	0.6	0.5	0.5	21	-1	-1	-1	-1
	10501	5米击退-左-废弃	101	FALSE	1.33	0	5	0.1	1	0	0.7	0	5	0.15	1	10	0.6	0.5	0.5	21	-1	-1	-1	-1
	10502	5米击退-右-废弃	101	FALSE	1.33	0	5	0.1	1	0	0.7	0	5	0.15	1	10	0.6	0.5	0.5	21	-1	-1	-1	-1
	10503	5米击退-重-废弃	101	FALSE	1.33	0	5	0.1	1	0	0.7	0	5	0.15	1	10	0.6	0.5	0.5	21	-1	-1	-1	-1
	10504	8米击退-中	101	FALSE	1.33	0	8	0.1	1	0	0.7	0	8	0.2	1	10	0.6	0.5	0.5	21	-1	-1	-1	-1
	10505	8米击退-左-废弃	101	FALSE	1.33	0	8	0.1	1	0	0.7	0	8	0.2	1	10	0.6	0.5	0.5	21	-1	-1	-1	-1
	10506	8米击退-右-废弃	101	FALSE	1.33	0	8	0.1	1	0	0.7	0	8	0.2	1	10	0.6	0.5	0.5	21	-1	-1	-1	-1
	10507	8米击退-重-废弃	101	FALSE	1.33	0	8	0.1	0	0	0.7	0	8	0.2	0	10	0.6	0.5	0.5	21	-1	-1	-1	-1
	11000	无击退-中(沿连线方向）	101	FALSE	1.33	0	0	0.1	0	0	0.7	0	0	0	0	10	0.6	0.5	0.5	21	-1	-1	-1	-1
	11001	无击退-左(沿连线方向）-废弃	101	FALSE	1.33	0	0	0.1	0	0	0.7	0	0	0	0	10	0.6	0.5	0.5	21	-1	-1	-1	-1
	11002	无击退-右(沿连线方向）-废弃	101	FALSE	1.33	0	0	0.1	0	0	0.7	0	0	0	0	10	0.6	0.5	0.5	21	-1	-1	-1	-1
	11003	无击退-重(沿连线方向）-废弃	101	FALSE	1.33	0	0	0.1	0	0	0.7	0	0	0	0	10	0.6	0.5	0.5	21	-1	-1	-1	-1
	11010	0.1米击退-中(沿连线方向）	101	FALSE	1.33	0	0.1	0.1	0	0	0.7	0	0.1	0.05	0	10	0.6	0.5	0.5	21	-1	-1	-1	-1
	11020	0.2米击退-中(沿连线方向）	101	FALSE	1.33	0	0.2	0.1	0	0	0.7	0	0.2	0.05	0	10	0.6	0.5	0.5	21	-1	-1	-1	-1
	11030	0.3米击退-中(沿连线方向）	101	FALSE	1.33	0	0.2	0.1	0	0	0.7	0	0.3	0.05	0	10	0.6	0.5	0.5	21	-1	-1	-1	-1
	11040	0.4米击退-中(沿连线方向）	101	FALSE	1.33	0	0.2	0.1	0	0	0.7	0	0.4	0.05	0	10	0.6	0.5	0.5	21	-1	-1	-1	-1
	11050	0.5米击退-中(沿连线方向）	101	FALSE	1.33	0	0.5	0.1	0	0	0.7	0	0.5	0.05	0	10	0.6	0.5	0.5	21	-1	-1	-1	-1
	11051	0.5米击退-左(沿连线方向）-废弃	101	FALSE	1.33	0	0.5	0.1	0	0	0.7	0	0.5	0.05	0	10	0.6	0.5	0.5	21	-1	-1	-1	-1
	11052	0.5米击退-右(沿连线方向）-废弃	101	FALSE	1.33	0	0.5	0.1	0	0	0.7	0	0.5	0.05	0	10	0.6	0.5	0.5	21	-1	-1	-1	-1
	11053	0.5米击退-重(沿连线方向）-废弃	101	FALSE	1.33	0	0.5	0.1	0	0	0.7	0	0.5	0.05	0	10	0.6	0.5	0.5	21	-1	-1	-1	-1
	11100	1米击退-中(沿连线方向）	101	FALSE	1.33	0	1	0.1	0	0	0.7	0	1	0.05	0	10	0.6	0.5	0.5	21	-1	-1	-1	-1
	11101	1米击退-左(沿连线方向）-废弃	101	FALSE	1.33	0	1	0.1	0	0	0.7	0	1	0.1	0	10	0.6	0.5	0.5	21	-1	-1	-1	-1
	11102	1米击退-右(沿连线方向）-废弃	101	FALSE	1.33	0	1	0.1	0	0	0.7	0	1	0.1	0	10	0.6	0.5	0.5	21	-1	-1	-1	-1
	11103	1米击退-重(沿连线方向）-废弃	101	FALSE	1.33	0	1	0.1	0	0	0.7	0	1	0.1	0	10	0.6	0.5	0.5	21	-1	-1	-1	-1
	11150	1.5米击退-中(沿连线方向）	101	FALSE	1.33	0	1.5	0.1	0	0	0.7	0	1.5	0.05	0	10	0.6	0.5	0.5	21	-1	-1	-1	-1
	11151	1.5米击退-左(沿连线方向）-废弃	101	FALSE	1.33	0	1.5	0.1	0	0	0.7	0	1.5	0.1	0	10	0.6	0.5	0.5	21	-1	-1	-1	-1
	11152	1.5米击退-右(沿连线方向）-废弃	101	FALSE	1.33	0	1.5	0.1	0	0	0.7	0	1.5	0.1	0	10	0.6	0.5	0.5	21	-1	-1	-1	-1
	11153	1.5米击退-重(沿连线方向）-废弃	101	FALSE	1.33	0	1.5	0.1	0	0	0.7	0	1.5	0.1	0	10	0.6	0.5	0.5	21	-1	-1	-1	-1
	12000	拉人用停止帧	101	TRUE	1	0	0	0	0	0	0.7	0	0	0	0	10	0.6	0.5	0.5	21	-1	-1	-1	-1
	12300	荆轲拉人用位移帧	101	TRUE	1	0	-5	0.15	0	2	0.7	0	-5	0.15	0	10	0.6	0.5	0.5	21	-1	-1	-1	-1
	12301	梅林用拉人位移帧	101	FALSE	1	0	-6	0.5	0	2	0.7	0	-6	1	0	10	0.6	0.5	0.5	21	-1	-1	-1	-1
	12302	链球男拉人用	101	TRUE	1	0	-9	0.1	0	2	0.7	0	-9	0.1	0	10	0.6	0.5	0.5	21	-1	-1	-1	-1
#	强力击打106	状态伤害_击退	伤害类型	FALSE	地面硬直时间	地面击退开始时间	地面击退距离	地面击退时间	地面击退方式：0.沿目标和伤害来源的延长线方向。、1.沿伤害来源朝向	地面硬直动画类型(此表所有动画类型都是这个)：0.地面普通打击、1.地面强力打击、2.保持站立姿态、10.空中普通打击、11.空中强力打击重击弹地、20.浮空第一段、21.浮空第二段、30.击飞第一段、31.击飞第二段	空中降落时间	空中降落距离	倒地时间	降落动画类型										
	15100	强力打击1米	106	FALSE	2	0	1	0.1	1	1	0.7	3	1	11	-1	-1	-1	-1	-1	-1	-1	-1	-1	-1
	15200	强力打击2米	106	FALSE	2	0	2	0.1	1	1	0.7	3	1	11	-1	-1	-1	-1	-1	-1	-1	-1	-1	-1
	15300	强力打击3米	106	FALSE	2	0	3	0.1	1	1	0.7	3	1	11	-1	-1	-1	-1	-1	-1	-1	-1	-1	-1
	16000	链球男拉人用	106	FALSE	2	0	-3	0.1	1	1	0.7	-3	1	11	-1	-1	-1	-1	-1	-1	-1	-1	-1	-1
#				FALSE	地面浮空上升距离	地面浮空上升时间	地面下落距离	地面下落时间	倒地时间	地面击退开始时间	地面击退类型	地面上升动画	地面下降动画	空中僵直时间	空中击退开始时间	空中击退距离	空中击退时间	空中击退方式	空中击退动画					
	20000	浮空	102	FALSE	0	0.7	0	1.2	1	0	1	20	21	0.7	0	0	0.05	1	10	-1	-1	-1	-1	-1
	20001	浮空(沿连线）	102	FALSE	0	0.7	0	1.2	1	0	0	20	21	0.7	0	0	0.05	0	10	-1	-1	-1	-1	-1
	20020	0.5米击退浮空	102	FALSE	0.2	0.7	0.5	1.2	1	0	1	20	21	0.7	0	0.2	0.05	1	10	-1	-1	-1	-1	-1
	20030	0.3米击退浮空	102	FALSE	0.3	0.7	0.5	1.2	1	0	1	20	21	0.7	0	0.3	0.05	1	10	-1	-1	-1	-1	-1
	20040	0.4米击退浮空	102	FALSE	0.4	0.7	0.5	1.2	1	0	1	20	21	0.7	0	0.4	0.05	1	10	-1	-1	-1	-1	-1
	20050	0.5米击退浮空	102	FALSE	0.5	0.7	0.5	1.2	1	0	1	20	21	0.7	0	0.5	0.05	1	10	-1	-1	-1	-1	-1
	20051	0.6米击退浮空（沿连线）	102	FALSE	0.5	0.7	0.5	1.2	1	0	0	20	21	0.7	0	0.6	0.05	0	10	-1	-1	-1	-1	-1
	20100	1米击退浮空	102	FALSE	1	0.7	0.5	1.2	1	0	1	20	21	0.7	0	1	0.05	1	10	-1	-1	-1	-1	-1
	20101	1米击退浮空(沿连线）	102	FALSE	1	0.7	0.5	1.2	1	0	0	20	21	0.7	0	1	0.05	0	10	-1	-1	-1	-1	-1
	20150	1.5米击退浮空	102	FALSE	1.5	0.7	0.5	1.2	1	0	1	20	21	0.7	0	1.5	0.05	1	10	-1	-1	-1	-1	-1
	20151	1.5米击退浮空(沿连线）	102	FALSE	1.5	0.7	0.5	1.2	1	0	1	20	21	0.7	0	1.5	0.05	0	10	-1	-1	-1	-1	-1
	20200	2米击退浮空	102	FALSE	2	0.7	0.5	1.2	1	0	1	20	21	0.7	0	2	0.05	1	10	-1	-1	-1	-1	-1
	20300	3米击退浮空	102	FALSE	1	0.7	2	1.2	1	0	1	20	21	0.7	0	2	0.05	1	10	-1	-1	-1	-1	-1
	20201	2米击退浮空(沿连线）	102	FALSE	2	0.7	0.5	1.2	1	0	0	20	21	0.7	0	2	0.05	0	10	-1	-1	-1	-1	-1
	22400	拉人用浮空帧	102	FALSE	-5	0.7	0	1.2	1	0	1	20	21	0.7	0	-5	0.2	1	10	-1	-1	-1	-1	-1
#				FALSE	地面浮空上升距离	地面浮空上升时间	地面下落距离	地面下落时间	倒地时间	地面击退开始时间	地面击退类型	地面上升动画	地面下降动画	空中下落时间	空中下落距离	空中倒地时间	空中下落动画类型							
	30000	打散击飞	103	FALSE	1	0.2	3	1.3	1	0	0	30	31	1.3	3	1	31	-1	-1	-1	-1	-1	-1	-1
	40000	直线击飞0米	103	FALSE	1	0.2	0	1.3	1	0	1	30	31	1.3	0	1	31	-1	-1	-1	-1	-1	-1	-1
	40001	直线击飞1米	103	FALSE	1	0.2	1	1.3	1	0	1	30	31	1.3	1	1	31	-1	-1	-1	-1	-1	-1	-1
	40002	直线击飞2米	103	FALSE	1	0.2	1	1.3	1	0	1	30	31	1.3	2	1	31	-1	-1	-1	-1	-1	-1	-1
	40003	直线击飞3米	103	FALSE	1	0.2	2	1.3	1	0	1	30	31	1.3	3	1	31	-1	-1	-1	-1	-1	-1	-1
	30001	击飞5米，倒地1秒，飞行0.25秒	103	FALSE	2	0.2	5	1.3	1	0	1	30	31	1.3	5	1	31	-1	-1	-1	-1	-1	-1	-1
	38888	直线垂直击到地	103	FALSE	1	0.2	0.5	1.3	1	0	1	30	31	1.3	1	1	31	-1	-1	-1	-1	-1	-1	-1
#	眩晕			FALSE	眩晕时间																			
	3000		104	FALSE	5	-1	-1	-1	-1	-1	-1	-1	-1	-1	-1	-1	-1	-1	-1	-1	-1	-1	-1	-1
#	冰冻			FALSE	冰冻时间	空中下落时间																		
	4010	1秒冰冻	105	FALSE	1	1.2	-1	-1	-1	-1	-1	-1	-1	-1	-1	-1	-1	-1	-1	-1	-1	-1	-1	-1
	4015	1.5秒冰冻	105	FALSE	1.5	1.2	-1	-1	-1	-1	-1	-1	-1	-1	-1	-1	-1	-1	-1	-1	-1	-1	-1	-1
	4020	2秒冰冻	105	FALSE	2	1.2	-1	-1	-1	-1	-1	-1	-1	-1	-1	-1	-1	-1	-1	-1	-1	-1	-1	-1
	4030	3秒冰冻	105	FALSE	3	1.2	-1	-1	-1	-1	-1	-1	-1	-1	-1	-1	-1	-1	-1	-1	-1	-1	-1	-1
#	声音与特效		类型	FALSE	声音编号	声音是否广播	特效编号	特效绑定点编号																
	6000000	声音与特效范例（策划掌握和测试后可删除）	201	FALSE	5	1	1	0	-1	-1	-1	-1	-1	-1	-1	-1	-1	-1	-1	-1	-1	-1	-1	-1
	50000	埃及艳后爆炸	201	FALSE	-1	1	1	0	-1	-1	-1	-1	-1	-1	-1	-1	-1	-1	-1	-1	-1	-1	-1	-1
	50001	噬毒者毒雾爆炸	201	FALSE	403	1	2	0	-1	-1	-1	-1	-1	-1	-1	-1	-1	-1	-1	-1	-1	-1	-1	-1
#	扣霸体值		类型	FALSE	扣除霸体值																			
	100010		3	FALSE	10	-1	-1	-1	-1	-1	-1	-1	-1	-1	-1	-1	-1	-1	-1	-1	-1	-1	-1	-1
	100015		3	FALSE	15	-1	-1	-1	-1	-1	-1	-1	-1	-1	-1	-1	-1	-1	-1	-1	-1	-1	-1	-1
	100018	卡特琳娜skill1风车射击	3	FALSE	18.2	-1	-1	-1	-1	-1	-1	-1	-1	-1	-1	-1	-1	-1	-1	-1	-1	-1	-1	-1
	100020		3	FALSE	20	-1	-1	-1	-1	-1	-1	-1	-1	-1	-1	-1	-1	-1	-1	-1	-1	-1	-1	-1
	100025		3	FALSE	25	-1	-1	-1	-1	-1	-1	-1	-1	-1	-1	-1	-1	-1	-1	-1	-1	-1	-1	-1
	100030		3	FALSE	30	-1	-1	-1	-1	-1	-1	-1	-1	-1	-1	-1	-1	-1	-1	-1	-1	-1	-1	-1
	100038	梅林skill2闪电伤害	3	FALSE	37.5	-1	-1	-1	-1	-1	-1	-1	-1	-1	-1	-1	-1	-1	-1	-1	-1	-1	-1	-1
	100040		3	FALSE	40	-1	-1	-1	-1	-1	-1	-1	-1	-1	-1	-1	-1	-1	-1	-1	-1	-1	-1	-1
	100045		3	FALSE	45	-1	-1	-1	-1	-1	-1	-1	-1	-1	-1	-1	-1	-1	-1	-1	-1	-1	-1	-1
	100050		3	FALSE	50	-1	-1	-1	-1	-1	-1	-1	-1	-1	-1	-1	-1	-1	-1	-1	-1	-1	-1	-1
	100060		3	FALSE	60	-1	-1	-1	-1	-1	-1	-1	-1	-1	-1	-1	-1	-1	-1	-1	-1	-1	-1	-1
	100070		3	FALSE	70	-1	-1	-1	-1	-1	-1	-1	-1	-1	-1	-1	-1	-1	-1	-1	-1	-1	-1	-1
	100080		3	FALSE	80	-1	-1	-1	-1	-1	-1	-1	-1	-1	-1	-1	-1	-1	-1	-1	-1	-1	-1	-1
	100090		3	FALSE	90	-1	-1	-1	-1	-1	-1	-1	-1	-1	-1	-1	-1	-1	-1	-1	-1	-1	-1	-1
	100100		3	FALSE	100	-1	-1	-1	-1	-1	-1	-1	-1	-1	-1	-1	-1	-1	-1	-1	-1	-1	-1	-1
	100150		3	FALSE	150	-1	-1	-1	-1	-1	-1	-1	-1	-1	-1	-1	-1	-1	-1	-1	-1	-1	-1	-1
	100200		3	FALSE	200	-1	-1	-1	-1	-1	-1	-1	-1	-1	-1	-1	-1	-1	-1	-1	-1	-1	-1	-1
	100300		3	FALSE	300	-1	-1	-1	-1	-1	-1	-1	-1	-1	-1	-1	-1	-1	-1	-1	-1	-1	-1	-1
	100350		3	FALSE	350	-1	-1	-1	-1	-1	-1	-1	-1	-1	-1	-1	-1	-1	-1	-1	-1	-1	-1	-1
	100400		3	FALSE	400	-1	-1	-1	-1	-1	-1	-1	-1	-1	-1	-1	-1	-1	-1	-1	-1	-1	-1	-1
	100410		3	FALSE	410	-1	-1	-1	-1	-1	-1	-1	-1	-1	-1	-1	-1	-1	-1	-1	-1	-1	-1	-1
	100500		3	FALSE	500	-1	-1	-1	-1	-1	-1	-1	-1	-1	-1	-1	-1	-1	-1	-1	-1	-1	-1	-1
	100600		3	FALSE	600	-1	-1	-1	-1	-1	-1	-1	-1	-1	-1	-1	-1	-1	-1	-1	-1	-1	-1	-1
	100700		3	FALSE	700	-1	-1	-1	-1	-1	-1	-1	-1	-1	-1	-1	-1	-1	-1	-1	-1	-1	-1	-1
	100800		3	FALSE	800	-1	-1	-1	-1	-1	-1	-1	-1	-1	-1	-1	-1	-1	-1	-1	-1	-1	-1	-1
	100900		3	FALSE	900	-1	-1	-1	-1	-1	-1	-1	-1	-1	-1	-1	-1	-1	-1	-1	-1	-1	-1	-1
	101000		3	FALSE	1000	-1	-1	-1	-1	-1	-1	-1	-1	-1	-1	-1	-1	-1	-1	-1	-1	-1	-1	-1
	101200		3	FALSE	1200	-1	-1	-1	-1	-1	-1	-1	-1	-1	-1	-1	-1	-1	-1	-1	-1	-1	-1	-1
