#	武器动作表																																																									
#	Id		Idle	Stand	Run	Hit	HitStrong	HitAir	HitAirStrong	Float	Falling	FallDown	StandUp	Stun	Rotate	BlownAway	BlownAwayFalling	Dying	Dead	FakeDying	FakeDead	StandUpAfterFakeDeath	Entering	DistanceAssist	ModelShowDebut	ModelShowStand	ModelInteraction1	ModelInteraction2	ModelInteraction3	Attack1	Attack2	Attack3	Attack4	Attack5	Skill1	Skill2	Skill3	Skill4	Skill5	Skill6	Skill7	Skill8	Skill9	Skill10	Skill11	Skill12	Skill13	Skill14	Skill15	Skill16	Skill17	Skill18	Skill19	Skill20	LingeringLeft	LingeringRight	ModelShowDebut	ModelShowStand
#	int		float	float	float	float	float	float	float	float	float	float	float	float	float	float	float	float	float	float	float	float	float	float	float	float	float	float	float	float	float	float	float	float	float	float	float	float	float	float	float	float	float	float	float	float	float	float	float	float	float	float	float	float	float	float	float	float
#	模型编号	策划备注	休闲动作名称	站立动作名称	跑步动作名称	受击动作名称	重受击动作名称	浮空受击动作名称	空中强力打击重击弹地	浮空动作名称	下落动作名称	倒地动作名称	起身动作名称	眩晕动作名称	旋转动作名称	击飞动作名称	击飞下落	死亡动作名称	死亡后动作名称	假死动作名称	假死后动作名称	假死后起身动作名称	出场动作名称	距离辅助攻击动作名称	展示模型用的出场动作名称	展示模型用的站立动作名称	与展示模型互动的动作名称	与展示模型互动的动作名称	与展示模型互动的动作名称	连续攻击第一段动作名称	连续攻击第二段动作名称	连续攻击第三段动作名称	连续攻击第四段动作名称	连续攻击第五段动作名称	固定技能一动作名称	固定技能二动作名称	固定技能三动作名称	固定技能四动作名称	固定技能五动作名称	固定技能六动作名称	固定技能七动作名称	固定技能八动作名称	固定技能九动作名称	选人界面演示动画	固定技能十一动作名称	固定技能十二动作名称	固定技能十三动作名称	固定技能十四动作名称	固定技能十五动作名称	固定技能十六动作名称	固定技能十七动作名称	固定技能十八动作名称	固定技能十九动作名称	固定技能二十动作名称	左徘徊	右徘徊	展示模型用的出场动作名称	展示模型用的站立动作名称
	101	亚瑟王武器1	0.3	0.2	0.2	0	0	0	0.1	0	0.2	0.2	0.2	0	0	0	0.2	0.2	0.2	0.2	0.2	0.3	0.3	0.3	0.3	0.3	0.3	0.3	0.3	0.1	0.1	0.1	0.1	0.1	0.1	0.1	0.1	0.1	0.1	0.1	0.1	0.1	0.1	0.1	0.1	0.1	0.1	0.1	0.1	0.1	0.1	0.1	0.1	0.1	0.2	0.2	0.3	0.3
	201	荆轲武器1左	0.3	0.2	0.2	0	0	0	0.1	0	0.2	0.2	0.2	0	0	0	0.2	0.2	0.2	0.2	0.2	0.3	0.3	0.3	0.3	0.3	0.3	0.3	0.3	0.1	0.1	0.1	0.1	0.1	0.1	0.1	0.1	0.1	0.1	0.1	0.1	0.1	0.1	0.1	0.1	0.1	0.1	0.1	0.1	0.1	0.1	0.1	0.1	0.1	0.2	0.2	0.3	0.3
	202	荆轲武器1右	0.3	0.2	0.2	0	0	0	0.1	0	0.2	0.2	0.2	0	0	0	0.2	0.2	0.2	0.2	0.2	0.3	0.3	0.3	0.3	0.3	0.3	0.3	0.3	0.1	0.1	0.1	0.1	0.1	0.1	0.1	0.1	0.1	0.1	0.1	0.1	0.1	0.1	0.1	0.1	0.1	0.1	0.1	0.1	0.1	0.1	0.1	0.1	0.1	0.2	0.2	0.3	0.3
	301	狮心王武器1	0.3	0.2	0.2	0	0	0	0.1	0	0.2	0.2	0.2	0	0	0	0.2	0.2	0.2	0.2	0.2	0.3	0.3	0.3	0.3	0.3	0.3	0.3	0.3	0.1	0.1	0.1	0.1	0.1	0.1	0.1	0.1	0.1	0.1	0.1	0.1	0.1	0.1	0.1	0.1	0.1	0.1	0.1	0.1	0.1	0.1	0.1	0.1	0.1	0.2	0.2	0.3	0.3
	401	卡特琳娜武器1左	0.3	0.2	0.2	0	0	0	0.1	0	0.2	0.2	0.2	0	0	0	0.2	0.2	0.2	0.2	0.2	0.3	0.3	0.3	0.3	0.3	0.3	0.3	0.3	0.1	0.1	0.1	0.1	0.1	0.1	0.1	0.1	0.1	0.1	0.1	0.1	0.1	0.1	0.1	0.1	0.1	0.1	0.1	0.1	0.1	0.1	0.1	0.1	0.1	0.2	0.2	0.3	0.3
	402	卡特琳娜武器1右	0.3	0.2	0.2	0	0	0	0.1	0	0.2	0.2	0.2	0	0	0	0.2	0.2	0.2	0.2	0.2	0.3	0.3	0.3	0.3	0.3	0.3	0.3	0.3	0.1	0.1	0.1	0.1	0.1	0.1	0.1	0.1	0.1	0.1	0.1	0.1	0.1	0.1	0.1	0.1	0.1	0.1	0.1	0.1	0.1	0.1	0.1	0.1	0.1	0.2	0.2	0.3	0.3
	501	梅林武器1小球	0.3	0.2	0.2	0	0	0	0.1	0	0.2	0.2	0.2	0	0	0	0.2	0.2	0.2	0.2	0.2	0.3	0.3	0.3	0.3	0.3	0.3	0.3	0.3	0.1	0.1	0.1	0.1	0.1	0.1	0.1	0.1	0.1	0.1	0.1	0.1	0.1	0.1	0.1	0.1	0.1	0.1	0.1	0.1	0.1	0.1	0.1	0.1	0.1	0.2	0.2	0.3	0.3
	502	梅林武器1外框	0.3	0.2	0.2	0	0	0	0.1	0	0.2	0.2	0.2	0	0	0	0.2	0.2	0.2	0.2	0.2	0.3	0.3	0.3	0.3	0.3	0.3	0.3	0.3	0.1	0.1	0.1	0.1	0.1	0.1	0.1	0.1	0.1	0.1	0.1	0.1	0.1	0.1	0.1	0.1	0.1	0.1	0.1	0.1	0.1	0.1	0.1	0.1	0.1	0.2	0.2	0.3	0.3
	601	凯撒武器1左	0.3	0.2	0.2	0	0	0	0.1	0	0.2	0.2	0.2	0	0	0	0.2	0.2	0.2	0.2	0.2	0.3	0.3	0.3	0.3	0.3	0.3	0.3	0.3	0.1	0.1	0.1	0.1	0.1	0.1	0.1	0.1	0.1	0.1	0.1	0.1	0.1	0.1	0.1	0.1	0.1	0.1	0.1	0.1	0.1	0.1	0.1	0.1	0.1	0.2	0.2	0.3	0.3
	602	凯撒武器1右	0.3	0.2	0.2	0	0	0	0.1	0	0.2	0.2	0.2	0	0	0	0.2	0.2	0.2	0.2	0.2	0.3	0.3	0.3	0.3	0.3	0.3	0.3	0.3	0.1	0.1	0.1	0.1	0.1	0.1	0.1	0.1	0.1	0.1	0.1	0.1	0.1	0.1	0.1	0.1	0.1	0.1	0.1	0.1	0.1	0.1	0.1	0.1	0.1	0.2	0.2	0.3	0.3
	701	黑胡子武器1左枪	0.3	0.2	0.2	0	0	0	0.1	0	0.2	0.2	0.2	0	0	0	0.2	0.2	0.2	0.2	0.2	0.3	0.3	0.3	0.3	0.3	0.3	0.3	0.3	0.1	0.1	0.1	0.1	0.1	0.1	0.1	0.1	0.1	0.1	0.1	0.1	0.1	0.1	0.1	0.1	0.1	0.1	0.1	0.1	0.1	0.1	0.1	0.1	0.1	0.2	0.2	0.3	0.3
	702	黑胡子武器1右刀	0.3	0.2	0.2	0	0	0	0.1	0	0.2	0.2	0.2	0	0	0	0.2	0.2	0.2	0.2	0.2	0.3	0.3	0.3	0.3	0.3	0.3	0.3	0.3	0.1	0.1	0.1	0.1	0.1	0.1	0.1	0.1	0.1	0.1	0.1	0.1	0.1	0.1	0.1	0.1	0.1	0.1	0.1	0.1	0.1	0.1	0.1	0.1	0.1	0.2	0.2	0.3	0.3
	801	链球男武器1	0.3	0.2	0.2	0	0	0	0.1	0	0.2	0.2	0.2	0	0	0	0.2	0.2	0.2	0.2	0.2	0.3	0.3	0.3	0.3	0.3	0.3	0.3	0.3	0.1	0.1	0.1	0.1	0.1	0.1	0.1	0.1	0.1	0.1	0.1	0.1	0.1	0.1	0.1	0.1	0.1	0.1	0.1	0.1	0.1	0.1	0.1	0.1	0.1	0.2	0.2	0.3	0.3
	901	小萝莉	0.3	0.2	0.2	0	0	0	0.1	0	0.2	0.2	0.2	0	0	0	0.2	0.2	0.2	0.2	0.2	0.3	0.3	0.3	0.3	0.3	0.3	0.3	0.3	0.1	0.1	0.1	0.1	0.1	0.1	0.1	0.1	0.1	0.1	0.1	0.1	0.1	0.1	0.1	0.1	0.1	0.1	0.1	0.1	0.1	0.1	0.1	0.1	0.1	0.2	0.2	0.3	0.3
	1001	血腥玛丽武器1	0.3	0.2	0.2	0	0	0	0.1	0	0.2	0.2	0.2	0	0	0	0.2	0.2	0.2	0.2	0.2	0.3	0.3	0.3	0.3	0.3	0.3	0.3	0.3	0.1	0.1	0.1	0.1	0.1	0.1	0.1	0.1	0.1	0.1	0.1	0.1	0.1	0.1	0.1	0.1	0.1	0.1	0.1	0.1	0.1	0.1	0.1	0.1	0.1	0.2	0.2	0.3	0.3
	1101	贞德武器1	0.3	0.2	0.2	0	0	0	0.1	0	0.2	0.2	0.2	0	0	0	0.2	0.2	0.2	0.2	0.2	0.3	0.3	0.3	0.3	0.3	0.3	0.3	0.3	0.1	0.1	0.1	0.1	0.1	0.1	0.1	0.1	0.1	0.1	0.1	0.1	0.1	0.1	0.1	0.1	0.1	0.1	0.1	0.1	0.1	0.1	0.1	0.1	0.1	0.2	0.2	0.3	0.3
	1201	杰克武器1	0.3	0.2	0.2	0	0	0	0.1	0	0.2	0.2	0.2	0	0	0	0.2	0.2	0.2	0.2	0.2	0.3	0.3	0.3	0.3	0.3	0.3	0.3	0.3	0.1	0.1	0.1	0.1	0.1	0.1	0.1	0.1	0.1	0.1	0.1	0.1	0.1	0.1	0.1	0.1	0.1	0.1	0.1	0.1	0.1	0.1	0.1	0.1	0.1	0.2	0.2	0.3	0.3
	1301	达芬奇武器1左	0.3	0.2	0.2	0	0	0	0.1	0	0.2	0.2	0.2	0	0	0	0.2	0.2	0.2	0.2	0.2	0.3	0.3	0.3	0.3	0.3	0.3	0.3	0.3	0.1	0.1	0.1	0.1	0.1	0.1	0.1	0.1	0.1	0.1	0.1	0.1	0.1	0.1	0.1	0.1	0.1	0.1	0.1	0.1	0.1	0.1	0.1	0.1	0.1	0.2	0.2	0.3	0.3
	1302	达芬奇武器1右	0.3	0.2	0.2	0	0	0	0.1	0	0.2	0.2	0.2	0	0	0	0.2	0.2	0.2	0.2	0.2	0.3	0.3	0.3	0.3	0.3	0.3	0.3	0.3	0.1	0.1	0.1	0.1	0.1	0.1	0.1	0.1	0.1	0.1	0.1	0.1	0.1	0.1	0.1	0.1	0.1	0.1	0.1	0.1	0.1	0.1	0.1	0.1	0.1	0.2	0.2	0.3	0.3
	1401	范海辛武器1枪	0.3	0.2	0.2	0	0	0	0.1	0	0.2	0.2	0.2	0	0	0	0.2	0.2	0.2	0.2	0.2	0.3	0.3	0.3	0.3	0.3	0.3	0.3	0.3	0.1	0.1	0.1	0.1	0.1	0.1	0.1	0.1	0.1	0.1	0.1	0.1	0.1	0.1	0.1	0.1	0.1	0.1	0.1	0.1	0.1	0.1	0.1	0.1	0.1	0.2	0.2	0.3	0.3
	1402	范海辛武器1齿轮刃	0.3	0.2	0.2	0	0	0	0.1	0	0.2	0.2	0.2	0	0	0	0.2	0.2	0.2	0.2	0.2	0.3	0.3	0.3	0.3	0.3	0.3	0.3	0.3	0.1	0.1	0.1	0.1	0.1	0.1	0.1	0.1	0.1	0.1	0.1	0.1	0.1	0.1	0.1	0.1	0.1	0.1	0.1	0.1	0.1	0.1	0.1	0.1	0.1	0.2	0.2	0.3	0.3
	1501	埃及艳后武器1	0.3	0.2	0.2	0	0	0	0.1	0	0.2	0.2	0.2	0	0	0	0.2	0.2	0.2	0.2	0.2	0.3	0.3	0.3	0.3	0.3	0.3	0.3	0.3	0.1	0.1	0.1	0.1	0.1	0.1	0.1	0.1	0.1	0.1	0.1	0.1	0.1	0.1	0.1	0.1	0.1	0.1	0.1	0.1	0.1	0.1	0.1	0.1	0.1	0.2	0.2	0.3	0.3
	1601	岳飞武器1	0.3	0.2	0.2	0	0	0	0.1	0	0.2	0.2	0.2	0	0	0	0.2	0.2	0.2	0.2	0.2	0.3	0.3	0.3	0.3	0.3	0.3	0.3	0.3	0.1	0.1	0.1	0.1	0.1	0.1	0.1	0.1	0.1	0.1	0.1	0.1	0.1	0.1	0.1	0.1	0.1	0.1	0.1	0.1	0.1	0.1	0.1	0.1	0.1	0.2	0.2	0.3	0.3
	1701	日本浪人武器1	0.3	0.2	0.2	0	0	0	0.1	0	0.2	0.2	0.2	0	0	0	0.2	0.2	0.2	0.2	0.2	0.3	0.3	0.3	0.3	0.3	0.3	0.3	0.3	0.1	0.1	0.1	0.1	0.1	0.1	0.1	0.1	0.1	0.1	0.1	0.1	0.1	0.1	0.1	0.1	0.1	0.1	0.1	0.1	0.1	0.1	0.1	0.1	0.1	0.2	0.2	0.3	0.3
	1801	项羽武器1	0.3	0.2	0.2	0	0	0	0.1	0	0.2	0.2	0.2	0	0	0	0.2	0.2	0.2	0.2	0.2	0.3	0.3	0.3	0.3	0.3	0.3	0.3	0.3	0.1	0.1	0.1	0.1	0.1	0.1	0.1	0.1	0.1	0.1	0.1	0.1	0.1	0.1	0.1	0.1	0.1	0.1	0.1	0.1	0.1	0.1	0.1	0.1	0.1	0.2	0.2	0.3	0.3
	1901	噬毒者喷头	0.3	0.2	0.2	0	0	0	0.1	0	0.2	0.2	0.2	0	0	0	0.2	0.2	0.2	0.2	0.2	0.3	0.3	0.3	0.3	0.3	0.3	0.3	0.3	0.1	0.1	0.1	0.1	0.1	0.1	0.1	0.1	0.1	0.1	0.1	0.1	0.1	0.1	0.1	0.1	0.1	0.1	0.1	0.1	0.1	0.1	0.1	0.1	0.1	0.2	0.2	0.3	0.3
	1902	噬毒者毒瓶	0.3	0.2	0.2	0	0	0	0.1	0	0.2	0.2	0.2	0	0	0	0.2	0.2	0.2	0.2	0.2	0.3	0.3	0.3	0.3	0.3	0.3	0.3	0.3	0.1	0.1	0.1	0.1	0.1	0.1	0.1	0.1	0.1	0.1	0.1	0.1	0.1	0.1	0.1	0.1	0.1	0.1	0.1	0.1	0.1	0.1	0.1	0.1	0.1	0.2	0.2	0.3	0.3
	2001	虞姬武器1	0.3	0.2	0.2	0	0	0	0.1	0	0.2	0.2	0.2	0	0	0	0.2	0.2	0.2	0.2	0.2	0.3	0.3	0.3	0.3	0.3	0.3	0.3	0.3	0.1	0.1	0.1	0.1	0.1	0.1	0.1	0.1	0.1	0.1	0.1	0.1	0.1	0.1	0.1	0.1	0.1	0.1	0.1	0.1	0.1	0.1	0.1	0.1	0.1	0.2	0.2	0.3	0.3
