#	装备配置表																																					
#	Id		Name	Description	Type	Quality	IconId	MinLevel	Price	Broadcast	StrengthenItemId	MaxHP	LCMaxHP	SLCMaxHPIncreaseRate	PhysicalAttack	LCPhysicalAttack	PhysicalDefense	LCPhysicalDefense	SLCPhysicalAtkIncreaseRate	SLCPhysicalDfsIncreaseRate	PhysicalAtkHPAbsorbRate	PhysicalAtkReflectRate	OppPhysicalDfsReduceRate	MagicAttack	LCMagicAttack	MagicDefense	LCMagicDefense	SLCMagicAtkIncreaseRate	SLCMagicDfsIncreaseRate	MagicAtkHPAbsorbRate	MagicAtkReflectRate	OppMagicDfsReduceRate	DamageReductionRate	AdditionalDamage	CriticalHitRate	CriticalHitProb	AntiCriticalHitProb	ReducedSkillCoolDownRate
#	int		string	string	int	int	int	int	int	bool	int	int	float	float	int	float	int	float	float	float	float	float	float	int	float	int	float	float	float	float	float	float	float	int	float	float	float	float
#	装备编号	策划备注	装备名称	装备描述	装备分类	装备品质	图标编号	使用等级下限	卖店价格	是否广播	强化所需道具编号	最大生命值	最大生命值等级系数	最大生命值加成等级系数	物理攻击力	物理攻击力等级系数	物理防御力	物理防御力等级系数	物理攻击力加成等级系数	物理防御力加成等级系数	物理伤害吸血率	物理伤害反击率	降低对方物理防御百分比	法术攻击力	法术攻击力等级系数	法术防御力	法术防御力等级系数	法术攻击力加成等级系数	法术防御力加成等级系数	法术伤害吸血率	法术伤害反击率	降低对方法术防御百分比	受击伤害减免率	附加伤害	暴击伤害倍数	暴击率	免除暴击率	冷却时间缩减百分比
	111001	物攻	Equip_Name_1	ITEM_DESC_1	1	1	1	1	-1	FALSE	-1	0	0	0	33	3	0	0	0	0	0	0	0	0	0	0	0	0	0	0	0	0	0	0	0	0	0	0
	111002	法攻	Equip_Name_2	ITEM_DESC_2	1	1	2	1	-1	FALSE	-1	0	0	0	0	0	0	0	0	0	0	0	0	33	3	0	0	0	0	0	0	0	0	0	0	0	0	0
	112001	物攻	Equip_Name_3	ITEM_DESC_3	1	2	5	1	-1	FALSE	-1	0	0	0	55	5	0	0	0	0	0	0	0	0	0	0	0	0	0	0	0	0	0	0	0	0	0	0
	112002	法攻	Equip_Name_4	ITEM_DESC_4	1	2	4	1	-1	FALSE	-1	0	0	0	0	0	0	0	0	0	0	0	0	55	5	0	0	0	0	0	0	0	0	0	0	0	0	0
	112003	HP+物攻	Equip_Name_5	ITEM_DESC_5	1	2	3	1	-1	FALSE	-1	275	39	0	48	4	0	0	0	0	0	0	0	0	0	0	0	0	0	0	0	0	0	0	0	0	0	0
	112004	HP+法攻	Equip_Name_6	ITEM_DESC_6	1	2	6	1	-1	FALSE	-1	275	39	0	0	0	0	0	0	0	0	0	0	48	4	0	0	0	0	0	0	0	0	0	0	0	0	0
	113001	物攻+爆率+暴击伤害	Equip_Name_7	ITEM_DESC_7	1	3	416	1	-1	FALSE	203301	0	0	0	102	8	0	0	0.04	0	0	0	0	0	0	0	0	0	0	0	0	0	0	0	0.11	0.03	0	0
	113002	法攻+爆率+暴击伤害	Equip_Name_8	ITEM_DESC_8	1	3	8	1	-1	FALSE	203301	0	0	0	0	0	0	0	0	0	0	0	0	102	8	0	0	0.04	0	0	0	0	0	0	0.11	0.03	0	0
	113003	物攻+物防	Equip_Name_9	ITEM_DESC_9	1	3	416	1	-1	FALSE	203301	0	0	0	88	7	46	4	0.04	0.04	0	0	0	0	0	0	0	0	0	0	0	0	0	0	0	0	0	0
	113004	法攻+法防	Equip_Name_10	ITEM_DESC_10	1	3	416	1	-1	FALSE	203301	0	0	0	0	0	0	0	0	0	0	0	0	88	7	46	4	0.04	0.04	0	0	0	0	0	0	0	0	0
	113005	HP+物攻+物防	Equip_Name_11	ITEM_DESC_11	1	3	13	1	-1	FALSE	203301	414	48	0.04	69	5	37	3	0.04	0.04	0	0	0	0	0	0	0	0	0	0	0	0	0	0	0	0	0	0
	113006	HP+法攻+法防	Equip_Name_12	ITEM_DESC_12	1	3	12	1	-1	FALSE	203301	414	48	0.04	0	0	0	0	0	0	0	0	0	69	5	37	3	0.04	0.04	0	0	0	0	0	0	0	0	0
	113007	物攻	Equip_Name_13	ITEM_DESC_13	1	3	9	1	-1	FALSE	203301	0	0	0	102	8	0	0	0.04	0	0	0	0	0	0	0	0	0	0	0	0	0	0	0	0	0	0	0
	113008	法攻	Equip_Name_14	ITEM_DESC_14	1	3	14	1	-1	FALSE	203301	0	0	0	0	0	0	0	0	0	0	0	0	102	8	0	0	0.04	0	0	0	0	0	0	0	0	0	0
	114001	物攻+暴击率+暴击伤害	Equip_Name_15	ITEM_DESC_15	1	4	416	1	-1	FALSE	203401	0	0	0	308	14	0	0	0.08	0	0	0	0	0	0	0	0	0	0	0	0	0	0	0	0.13	0.04	0	0
	114002	法攻+暴击率+暴击伤害	Equip_Name_16	ITEM_DESC_16	1	4	21	1	-1	FALSE	203401	0	0	0	0	0	0	0	0	0	0	0	0	308	14	0	0	0.08	0	0	0	0	0	0	0.13	0.04	0	0
	114003	物攻+物理穿透	Equip_Name_17	ITEM_DESC_17	1	4	416	1	-1	FALSE	203401	0	0	0	308	14	0	0	0.08	0	0	0	0.04	0	0	0	0	0	0	0	0	0	0	0	0	0	0	0
	114004	法攻+法术穿透	Equip_Name_18	ITEM_DESC_18	1	4	416	1	-1	FALSE	203401	0	0	0	0	0	0	0	0	0	0	0	0	308	14	0	0	0.08	0	0	0	0.04	0	0	0	0	0	0
	114005	HP+物攻+物反	Equip_Name_19	ITEM_DESC_19	1	4	22	1	-1	FALSE	203401	1540	86	0.08	266	12	0	0	0.08	0	0	0.05	0	0	0	0	0	0	0	0	0	0	0	0	0	0	0	0
	114006	HP+法攻+法反	Equip_Name_20	ITEM_DESC_20	1	4	27	1	-1	FALSE	203401	1540	86	0.08	0	0	0	0	0	0	0	0	0	266	12	0	0	0.08	0	0	0.05	0	0	0	0	0	0	0
	114007	物攻+物理吸血	Equip_Name_21	ITEM_DESC_21	1	4	416	1	-1	FALSE	203401	0	0	0	308	14	0	0	0.08	0	0.04	0	0	0	0	0	0	0	0	0	0	0	0	0	0	0	0	0
	114008	法攻+法术吸血	Equip_Name_22	ITEM_DESC_22	1	4	416	1	-1	FALSE	203401	0	0	0	0	0	0	0	0	0	0	0	0	308	14	0	0	0.08	0	0.04	0	0	0	0	0	0	0	0
	114009	物攻+物防+真实伤害	Equip_Name_23	ITEM_DESC_23	1	4	416	1	-1	FALSE	203401	0	0	0	266	12	140	6	0.08	0.08	0	0	0	0	0	0	0	0	0	0	0	0	0	370	0	0	0	0
	114010	法攻+法防+真实伤害	Equip_Name_24	ITEM_DESC_24	1	4	416	1	-1	FALSE	203401	0	0	0	0	0	0	0	0	0	0	0	0	266	12	140	6	0.08	0.08	0	0	0	0	370	0	0	0	0
	114011	物攻	Equip_Name_25	ITEM_DESC_25	1	4	19	1	-1	FALSE	203401	0	0	0	308	14	0	0	0.08	0	0	0	0	0	0	0	0	0	0	0	0	0	0	0	0	0	0	0
	114012	法攻	Equip_Name_26	ITEM_DESC_26	1	4	30	1	-1	FALSE	203401	0	0	0	0	0	0	0	0	0	0	0	0	308	14	0	0	0.08	0	0	0	0	0	0	0	0	0	0
	114013	物攻+物防	Equip_Name_27	ITEM_DESC_27	1	4	416	1	-1	FALSE	203401	0	0	0	266	12	140	6	0.08	0.08	0	0	0	0	0	0	0	0	0	0	0	0	0	0	0	0	0	0
	114014	法攻+法防	Equip_Name_28	ITEM_DESC_28	1	4	416	1	-1	FALSE	203401	0	0	0	0	0	0	0	0	0	0	0	0	266	12	140	6	0.08	0.08	0	0	0	0	0	0	0	0	0
	114015	HP+物攻+物防	Equip_Name_29	ITEM_DESC_29	1	4	416	1	-1	FALSE	203401	1610	314	0.08	269	41	135	21	0.08	0.08	0	0	0	0	0	0	0	0	0	0	0	0	0	0	0	0	0	0
	114016	HP+法攻+法防	Equip_Name_30	ITEM_DESC_30	1	4	416	1	-1	FALSE	203401	1610	314	0.08	0	0	0	0	0	0	0	0	0	269	41	135	21	0.08	0.08	0	0	0	0	0	0	0	0	0
	115001	物攻+暴击率+暴击伤害	Equip_Name_31	ITEM_DESC_31	1	5	416	1	-1	FALSE	203501	0	0	0	605	28	0	0	0.13	0	0	0	0	0	0	0	0	0	0	0	0	0	0	0	0.15	0.05	0	0
	115002	法攻+暴击率+暴击伤害	Equip_Name_32	ITEM_DESC_32	1	5	32	1	-1	FALSE	203501	0	0	0	0	0	0	0	0	0	0	0	0	605	28	0	0	0.13	0	0	0	0	0	0	0.15	0.05	0	0
	115003	物攻+物理穿透	Equip_Name_33	ITEM_DESC_33	1	5	416	1	-1	FALSE	203501	0	0	0	605	28	0	0	0.13	0	0	0	0.05	0	0	0	0	0	0	0	0	0	0	0	0	0	0	0
	115004	法攻+法术穿透	Equip_Name_34	ITEM_DESC_34	1	5	416	1	-1	FALSE	203501	0	0	0	0	0	0	0	0	0	0	0	0	605	28	0	0	0.13	0	0	0	0.05	0	0	0	0	0	0
	115005	HP+物攻+物理反击	Equip_Name_35	ITEM_DESC_35	1	5	416	1	-1	FALSE	203501	3025	163	0.13	523	25	0	0	0.13	0	0	0.07	0	0	0	0	0	0	0	0	0	0	0	0	0	0	0	0
	115006	HP+法攻+法术反击	Equip_Name_36	ITEM_DESC_36	1	5	416	1	-1	FALSE	203501	3025	163	0.13	0	0	0	0	0	0	0	0	0	523	25	0	0	0.13	0	0	0.07	0	0	0	0	0	0	0
	115007	物攻+物理吸血	Equip_Name_37	ITEM_DESC_37	1	5	416	1	-1	FALSE	203501	0	0	0	605	28	0	0	0.13	0	0.05	0	0	0	0	0	0	0	0	0	0	0	0	0	0	0	0	0
	115008	法攻+法术吸血	Equip_Name_38	ITEM_DESC_38	1	5	43	1	-1	FALSE	203501	0	0	0	0	0	0	0	0	0	0	0	0	605	28	0	0	0.13	0	0.05	0	0	0	0	0	0	0	0
	115009	物攻+物防+真实伤害	Equip_Name_39	ITEM_DESC_39	1	5	416	1	-1	FALSE	203501	0	0	0	523	24	275	13	0.13	0.13	0	0	0	0	0	0	0	0	0	0	0	0	0	470	0	0	0	0
	115010	法攻+法防+真实伤害	Equip_Name_40	ITEM_DESC_40	1	5	33	1	-1	FALSE	203501	0	0	0	0	0	0	0	0	0	0	0	0	523	24	275	13	0.13	0.13	0	0	0	0	470	0	0	0	0
	115011	HP+物防+法防+冷却缩减%	Equip_Name_41	ITEM_DESC_41	1	5	416	1	-1	FALSE	203501	2503	115	0.13	0	0	220	11	0	0.13	0	0	0	0	0	220	11	0	0.13	0	0	0	0	0	0	0	0	0.08
	115012	HP+物防+法防+伤害减免%	Equip_Name_42	ITEM_DESC_42	1	5	416	1	-1	FALSE	203501	2503	115	0.13	0	0	220	11	0	0.13	0	0	0	0	0	220	11	0	0.13	0	0	0	0.15	0	0	0	0	0
	115013	物攻	Equip_Name_43	ITEM_DESC_43	1	5	416	1	-1	FALSE	203501	0	0	0	605	28	0	0	0.13	0	0	0	0	0	0	0	0	0	0	0	0	0	0	0	0	0	0	0
	115014	法攻	Equip_Name_44	ITEM_DESC_44	1	5	416	1	-1	FALSE	203501	0	0	0	0	0	0	0	0	0	0	0	0	605	28	0	0	0.13	0	0	0	0	0	0	0	0	0	0
	115015	暴击+暴击率	Equip_Name_45	ITEM_DESC_45	1	5	416	1	-1	FALSE	203501	0	0	0	0	0	0	0	0	0	0	0	0	0	0	0	0	0	0	0	0	0	0	0	0	0	0	0
	115016	物理穿透	Equip_Name_46	ITEM_DESC_46	1	5	416	1	-1	FALSE	203501	0	0	0	0	0	0	0	0	0	0	0	0	0	0	0	0	0	0	0	0	0	0	0	0	0	0	0
	115017	法术穿透	Equip_Name_47	ITEM_DESC_47	1	5	416	1	-1	FALSE	203501	0	0	0	0	0	0	0	0	0	0	0	0	0	0	0	0	0	0	0	0	0	0	0	0	0	0	0
	115018	物理反击+法术反击	Equip_Name_48	ITEM_DESC_48	1	5	416	1	-1	FALSE	203501	0	0	0	0	0	0	0	0	0	0	0	0	0	0	0	0	0	0	0	0	0	0	0	0	0	0	0
	115019	物理吸血	Equip_Name_49	ITEM_DESC_49	1	5	416	1	-1	FALSE	203501	0	0	0	0	0	0	0	0	0	0	0	0	0	0	0	0	0	0	0	0	0	0	0	0	0	0	0
	115020	法术吸血	Equip_Name_50	ITEM_DESC_50	1	5	416	1	-1	FALSE	203501	0	0	0	0	0	0	0	0	0	0	0	0	0	0	0	0	0	0	0	0	0	0	0	0	0	0	0
	121001	物防+法防	Equip_Name_51	ITEM_DESC_51	2	1	51	1	-1	FALSE	-1	0	0	0	0	0	12	1	0	0	0	0	0	0	0	12	1	0	0	0	0	0	0	0	0	0	0	0
	122001	物攻+物防+法防	Equip_Name_52	ITEM_DESC_52	2	2	66	1	-1	FALSE	-1	0	0	0	40	4	20	2	0	0	0	0	0	0	0	20	2	0	0	0	0	0	0	0	0	0	0	0
	122002	法攻+物防+法防	Equip_Name_53	ITEM_DESC_53	2	2	61	1	-1	FALSE	-1	0	0	0	0	0	20	2	0	0	0	0	0	40	4	20	2	0	0	0	0	0	0	0	0	0	0	0
	122003	HP+物防+法防	Equip_Name_54	ITEM_DESC_54	2	2	56	1	-1	FALSE	-1	228	31	0	0	0	20	2	0	0	0	0	0	0	0	20	2	0	0	0	0	0	0	0	0	0	0	0
	123001	物攻+物防+暴击率+暴击伤害	Equip_Name_55	ITEM_DESC_55	2	3	81	1	-1	FALSE	203301	0	0	0	88	7	46	4	0.04	0.04	0	0	0	0	0	0	0	0	0	0	0	0	0	0	0.11	0.03	0	0
	123002	法攻+法防+暴击率+暴击伤害	Equip_Name_56	ITEM_DESC_56	2	3	96	1	-1	FALSE	203301	0	0	0	0	0	0	0	0	0	0	0	0	88	7	46	4	0.04	0.04	0	0	0	0	0	0.11	0.03	0	0
	123003	HP+物攻+物防	Equip_Name_57	ITEM_DESC_57	2	3	71	1	-1	FALSE	203301	414	48	0.04	69	5	37	3	0.04	0.04	0	0	0	0	0	0	0	0	0	0	0	0	0	0	0	0	0	0
	123004	HP+法攻+法防	Equip_Name_58	ITEM_DESC_58	2	3	76	1	-1	FALSE	203301	414	48	0.04	0	0	0	0	0	0	0	0	0	69	5	37	3	0.04	0.04	0	0	0	0	0	0	0	0	0
	123005	物攻+物防+物理反弹	Equip_Name_59	ITEM_DESC_59	2	3	91	1	-1	FALSE	203301	0	0	0	88	7	46	4	0.04	0.04	0	0.03	0	0	0	0	0	0	0	0	0	0	0	0	0	0	0	0
	123006	法攻+法防+法术反弹	Equip_Name_60	ITEM_DESC_60	2	3	86	1	-1	FALSE	203301	0	0	0	0	0	0	0	0	0	0	0	0	88	7	46	4	0.04	0.04	0	0.03	0	0	0	0	0	0	0
	124001	物攻+物防+暴击率+暴击伤害	Equip_Name_61	ITEM_DESC_61	2	4	416	1	-1	FALSE	203401	0	0	0	226	12	140	6	0.08	0.08	0	0	0	0	0	0	0	0	0	0	0	0	0	0	0.13	0.04	0	0
	124002	法攻+法防+暴击率+暴击伤害	Equip_Name_62	ITEM_DESC_62	2	4	126	1	-1	FALSE	203401	0	0	0	0	0	0	0	0	0	0	0	0	226	12	140	6	0.08	0.08	0	0	0	0	0	0.13	0.04	0	0
	124003	物攻+物防+物理穿透	Equip_Name_63	ITEM_DESC_63	2	4	416	1	-1	FALSE	203401	0	0	0	226	12	140	6	0.08	0.08	0	0	0.04	0	0	0	0	0	0	0	0	0	0	0	0	0	0	0
	124004	法攻+法防+法术穿透	Equip_Name_64	ITEM_DESC_64	2	4	416	1	-1	FALSE	203401	0	0	0	0	0	0	0	0	0	0	0	0	226	12	140	6	0.08	0.08	0	0	0.04	0	0	0	0	0	0
	124005	HP+物防+物理反弹	Equip_Name_65	ITEM_DESC_65	2	4	101	1	-1	FALSE	203401	1554	90	0.08	0	0	140	6	0	0.08	0	0.05	0	0	0	0	0	0	0	0	0	0	0	0	0	0	0	0
	124006	HP+法防+法术反弹	Equip_Name_66	ITEM_DESC_66	2	4	106	1	-1	FALSE	203401	1554	90	0.08	0	0	0	0	0	0	0	0	0	0	0	140	6	0	0.08	0	0.05	0	0	0	0	0	0	0
	124007	HP+物攻+物防	Equip_Name_67	ITEM_DESC_67	2	4	416	1	-1	FALSE	203401	1260	70	0.08	210	10	112	5	0.08	0.08	0	0	0	0	0	0	0	0	0	0	0	0	0	0	0	0	0	0
	124008	HP+法攻+法防	Equip_Name_68	ITEM_DESC_68	2	4	416	1	-1	FALSE	203401	1260	70	0.08	0	0	0	0	0	0	0	0	0	210	10	112	5	0.08	0.08	0	0	0	0	0	0	0	0	0
	124009	物攻+物防+冷却缩减%	Equip_Name_69	ITEM_DESC_69	2	4	416	1	-1	FALSE	203401	0	0	0	226	12	140	6	0.08	0.08	0	0	0	0	0	0	0	0	0	0	0	0	0	0	0	0	0	0.06
	124010	法攻+法防+冷却缩减%	Equip_Name_70	ITEM_DESC_70	2	4	416	1	-1	FALSE	203401	0	0	0	0	0	0	0	0	0	0	0	0	226	12	140	6	0.08	0.08	0	0	0	0	0	0	0	0	0.06
	125001	物攻+物防+暴击率+暴击伤害	Equip_Name_71	ITEM_DESC_71	2	5	161	1	-1	FALSE	203501	0	0	0	523	24	275	13	0.13	0.13	0	0	0	0	0	0	0	0	0	0	0	0	0	0	0.15	0.05	0	0
	125002	法攻+法防+暴击率+暴击伤害	Equip_Name_72	ITEM_DESC_72	2	5	166	1	-1	FALSE	203501	0	0	0	0	0	0	0	0.13	0	0	0	0	523	24	275	13	0	0.13	0	0	0	0	0	0.15	0.05	0	0
	125003	物攻+物防+物理穿透	Equip_Name_73	ITEM_DESC_73	2	5	156	1	-1	FALSE	203501	0	0	0	523	24	275	13	0.13	0.13	0	0	0.05	0	0	0	0	0	0	0	0	0	0	0	0	0	0	0
	125004	法攻+法防+法术穿透	Equip_Name_74	ITEM_DESC_74	2	5	196	1	-1	FALSE	203501	0	0	0	0	0	0	0	0	0	0	0	0	523	24	275	13	0.13	0.13	0	0	0.05	0	0	0	0	0	0
	125005	物攻+物防+物理反弹	Equip_Name_75	ITEM_DESC_75	2	5	151	1	-1	FALSE	203501	0	0	0	523	24	275	13	0.13	0.13	0	0.07	0	0	0	0	0	0	0	0	0	0	0	0	0	0	0	0
	125006	法攻+法防+法术反弹	Equip_Name_76	ITEM_DESC_76	2	5	191	1	-1	FALSE	203501	0	0	0	0	0	0	0	0	0	0	0	0	523	24	275	13	0.13	0.13	0	0.07	0	0	0	0	0	0	0
	125007	HP+物攻+物防	Equip_Name_77	ITEM_DESC_77	2	5	416	1	-1	FALSE	203501	2475	137	0.13	220	10	413	10	0.13	0.13	0	0	0	0	0	0	0	0	0	0	0	0	0	0	0	0	0	0
	125008	HP+法攻+法防	Equip_Name_78	ITEM_DESC_78	2	5	416	1	-1	FALSE	203501	2475	137	0.13	0	0	0	0	0	0	0	0	0	220	10	413	10	0.13	0.13	0	0	0	0	0	0	0	0	0
	125009	HP+物攻+物防+冷却缩减%	Equip_Name_79	ITEM_DESC_79	2	5	416	1	-1	FALSE	203501	2475	137	0.13	413	19	220	10	0.13	0.13	0	0	0	0	0	0	0	0	0	0	0	0	0	0	0	0	0	0.08
	125010	HP+法攻+法防+冷却缩减%	Equip_Name_80	ITEM_DESC_80	2	5	416	1	-1	FALSE	203501	2475	137	0.13	0	0	0	0	0	0	0	0	0	413	19	220	10	0.13	0.13	0	0	0	0	0	0	0	0	0.08
	125011	HP+物防+法防+伤害减免%	Equip_Name_81	ITEM_DESC_81	2	5	201	1	-1	FALSE	203501	2503	115	0.13	0	0	220	11	0	0.13	0	0	0	0	0	220	11	0	0.13	0	0	0	0.15	0	0	0	0	0
	125012	HP+物防+法防+真实伤害	Equip_Name_82	ITEM_DESC_82	2	5	206	1	-1	FALSE	203501	2503	115	0.13	0	0	220	11	0	0.13	0	0	0	0	0	220	11	0	0.13	0	0	0	470	0	0	0	0	0
	131001	HP	Equip_Name_83	ITEM_DESC_83	3	1	52	1	-1	FALSE	-1	130	32	0	0	0	0	0	0	0	0	0	0	0	0	0	0	0	0	0	0	0	0	0	0	0	0	0
	132001	HP+物防+法防	Equip_Name_84	ITEM_DESC_84	3	2	67	1	-1	FALSE	-1	228	31	0	0	0	20	2	0	0	0	0	0	0	0	20	2	0	0	0	0	0	0	0	0	0	0	0
	132002	HP+物攻	Equip_Name_85	ITEM_DESC_85	3	2	62	1	-1	FALSE	-1	275	39	0	48	4	0	0	0	0	0	0	0	0	0	0	0	0	0	0	0	0	0	0	0	0	0	0
	132003	HP+法攻	Equip_Name_86	ITEM_DESC_86	3	2	57	1	-1	FALSE	-1	275	39	0	0	0	0	0	0	0	0	0	0	48	4	0	0	0	0	0	0	0	0	0	0	0	0	0
	133001	物攻+物防+暴击率+暴击伤害	Equip_Name_87	ITEM_DESC_87	3	3	82	1	-1	FALSE	203301	0	0	0	88	7	46	4	0.04	0	0	0	0	0	0	0	0	0	0.04	0	0	0	0	0	0.11	0.03	0	0
	133002	法攻+法防+暴击率+暴击伤害	Equip_Name_88	ITEM_DESC_88	3	3	97	1	-1	FALSE	203301	0	0	0	0	0	0	0	0	0	0	0	0	88	7	46	4	0.04	0.04	0	0	0	0	0	0.11	0.03	0	0
	133003	HP+物攻+法防	Equip_Name_89	ITEM_DESC_89	3	3	72	1	-1	FALSE	203301	414	48	0.04	69	5	0	0	0.04	0	0	0	0	0	0	37	3	0	0.04	0	0	0	0	0	0	0	0	0
	133004	HP+法攻+物防	Equip_Name_90	ITEM_DESC_90	3	3	77	1	-1	FALSE	203301	414	48	0.04	0	0	37	3	0	0.04	0	0	0	69	5	0	0	0.04	0	0	0	0	0	0	0	0	0	0
	133005	HP+法防+物理反弹	Equip_Name_91	ITEM_DESC_91	3	3	92	1	-1	FALSE	203301	511	59	0.04	0	0	0	0	0	0	0	0.03	0	0	0	46	4	0	0.04	0	0	0	0	0	0	0	0	0
	133006	HP+物防+法术反弹	Equip_Name_92	ITEM_DESC_92	3	3	87	1	-1	FALSE	203301	511	59	0.04	0	0	46	4	0	0.04	0	0	0	0	0	0	0	0	0	0	0.03	0	0	0	0	0	0	0
	134001	物攻+法防+暴击率+暴击伤害	Equip_Name_93	ITEM_DESC_93	3	4	416	1	-1	FALSE	203401	0	0	0	566	12	0	0	0.08	0	0	0	0	0	0	140	6	0	0.08	0	0	0	0	0	0.13	0.04	0	0
	134002	法攻+物防+暴击率+暴击伤害	Equip_Name_94	ITEM_DESC_94	3	4	127	1	-1	FALSE	203401	0	0	0	0	0	140	6	0	0.08	0	0	0	566	12	0	0	0.08	0	0	0	0	0	0	0.13	0.04	0	0
	134003	HP+物攻+物防	Equip_Name_95	ITEM_DESC_95	3	4	416	1	-1	FALSE	203401	1260	70	0.08	210	10	112	5	0.08	0.08	0	0	0	0	0	0	0	0	0	0	0	0	0	0	0	0	0	0
	134004	HP+法攻+法防	Equip_Name_96	ITEM_DESC_96	3	4	416	1	-1	FALSE	203401	1260	70	0.08	0	0	0	0	0	0	0	0	0	210	10	112	5	0.08	0.08	0	0	0	0	0	0	0	0	0
	134005	HP+法防+物理反弹	Equip_Name_97	ITEM_DESC_97	3	4	102	1	-1	FALSE	203401	1554	90	0.08	0	0	0	0	0	0	0	0.05	0	0	0	140	6	0	0.08	0	0	0	0	0	0	0	0	0
	134006	HP+物防+法术反弹	Equip_Name_98	ITEM_DESC_98	3	4	107	1	-1	FALSE	203401	1554	90	0.08	0	0	140	6	0	0.08	0	0	0	0	0	0	0	0	0	0	0.05	0	0	0	0	0	0	0
	134007	HP+物攻+法防	Equip_Name_99	ITEM_DESC_99	3	4	416	1	-1	FALSE	203401	1260	70	0.08	210	10	0	0	0.08	0	0	0	0	0	0	112	5	0	0.08	0	0	0	0	0	0	0	0	0
	134008	HP+法攻+物防	Equip_Name_100	ITEM_DESC_100	3	4	416	1	-1	FALSE	203401	1260	70	0.08	0	0	112	5	0	0.08	0	0	0	210	10	0	0	0.08	0	0	0	0	0	0	0	0	0	0
	134009	HP+物防+伤害减免%	Equip_Name_101	ITEM_DESC_101	3	4	416	1	-1	FALSE	203401	1554	90	0.08	0	0	140	6	0	0.08	0	0	0	0	0	0	0	0	0	0	0	0	0.13	0	0	0	0	0
	134010	HP+法防+伤害减免%	Equip_Name_102	ITEM_DESC_102	3	4	416	1	-1	FALSE	203401	1554	90	0.08	0	0	0	0	0	0	0	0	0	0	0	140	6	0	0.08	0	0	0	0.13	0	0	0	0	0
	135001	物攻+法防+暴击率+暴击伤害	Equip_Name_103	ITEM_DESC_103	3	5	162	1	-1	FALSE	203501	0	0	0	523	24	0	0	0.13	0	0	0	0	0	0	275	13	0	0.13	0	0	0	0	0	0.15	0.05	0	0
	135002	法攻+物防+暴击率+暴击伤害	Equip_Name_104	ITEM_DESC_104	3	5	167	1	-1	FALSE	203501	0	0	0	0	0	275	13	0	0.13	0	0	0	523	24	0	0	0.13	0	0	0	0	0	0	0.15	0.05	0	0
	135003	HP+物攻+物防	Equip_Name_105	ITEM_DESC_105	3	5	157	1	-1	FALSE	203501	2475	137	0.13	440	18	220	10	0.13	0.13	0	0	0	0	0	0	0	0	0	0	0	0	0	0	0	0	0	0
	135004	HP+法攻+法防	Equip_Name_106	ITEM_DESC_106	3	5	197	1	-1	FALSE	203501	2475	137	0.13	0	0	0	0	0	0	0	0	0	440	18	220	10	0.13	0.13	0	0	0	0	0	0	0	0	0
	135005	HP+法防+物理反弹	Equip_Name_107	ITEM_DESC_107	3	5	152	1	-1	FALSE	203501	3053	157	0.13	0	0	0	0	0	0	0	0.07	0	0	0	275	13	0	0.13	0	0	0	0	0	0	0	0	0
	135006	HP+物防+法术反弹	Equip_Name_108	ITEM_DESC_108	3	5	192	1	-1	FALSE	203501	3053	157	0.13	0	0	275	13	0	0.13	0	0	0	0	0	0	0	0	0	0	0.07	0	0	0	0	0	0	0
	135007	HP+物攻+法防	Equip_Name_109	ITEM_DESC_109	3	5	416	1	-1	FALSE	203501	2475	137	0.13	440	18	0	0	0.13	0	0	0	0	0	0	275	13	0	0.13	0	0	0	0	0	0	0	0	0
	135008	HP+法攻+物防	Equip_Name_110	ITEM_DESC_110	3	5	416	1	-1	FALSE	203501	2475	137	0.13	0	0	275	13	0	0.13	0	0	0	440	18	0	0	0.13	0	0	0	0	0	0	0	0	0	0
	135009	HP+物攻+物防+伤害减免%	Equip_Name_111	ITEM_DESC_111	3	5	416	1	-1	FALSE	203501	2475	137	0.13	440	18	220	10	0.13	0.13	0	0	0	0	0	0	0	0	0	0	0	0	0.15	0	0	0	0	0
	135010	HP+法攻+法防+伤害减免%	Equip_Name_112	ITEM_DESC_112	3	5	416	1	-1	FALSE	203501	2475	137	0.13	0	0	0	0	0	0	0	0	0	440	18	220	10	0.13	0.13	0	0	0	0.15	0	0	0	0	0
	135011	HP+物防+法防+冷却缩减%	Equip_Name_113	ITEM_DESC_113	3	5	202	1	-1	FALSE	203501	2503	115	0.13	0	0	220	11	0	0.13	0	0	0	0	0	220	11	0	0.13	0	0	0	0	0	0	0	0	0.08
	135012	HP+物防+法防+真实伤害	Equip_Name_114	ITEM_DESC_114	3	5	207	1	-1	FALSE	203501	2503	115	0.13	0	0	220	11	0	0.13	0	0	0	0	0	220	11	0	0.13	0	0	0	0	470	0	0	0	0
	141001	物防+法防	Equip_Name_115	ITEM_DESC_115	4	1	53	1	-1	FALSE	-1	0	0	0	0	0	15	2	0	0	0	0	0	0	0	15	2	0	0	0	0	0	0	0	0	0	0	0
	142001	物攻+物防+法防	Equip_Name_116	ITEM_DESC_116	4	2	68	1	-1	FALSE	-1	0	0	0	40	4	20	2	0	0	0	0	0	0	0	20	2	0	0	0	0	0	0	0	0	0	0	0
	142002	法攻+物防+法防	Equip_Name_117	ITEM_DESC_117	4	2	63	1	-1	FALSE	-1	0	0	0	0	0	20	2	0	0	0	0	0	40	4	20	2	0	0	0	0	0	0	0	0	0	0	0
	142003	HP+物防+法防	Equip_Name_118	ITEM_DESC_118	4	2	58	1	-1	FALSE	-1	228	31	0	0	0	20	2	0	0	0	0	0	0	0	20	2	0	0	0	0	0	0	0	0	0	0	0
	143001	HP+物攻	Equip_Name_119	ITEM_DESC_119	4	3	83	1	-1	FALSE	203301	506	57	0.04	88	7	0	0	0.04	0	0	0	0	0	0	0	0	0	0	0	0	0	0	0	0	0	0	0
	143002	HP+法攻	Equip_Name_120	ITEM_DESC_120	4	3	98	1	-1	FALSE	203301	506	57	0.04	0	0	0	0	0	0	0	0	0	88	7	0	0	0.04	0	0	0	0	0	0	0	0	0	0
	143003	HP+物攻+物防	Equip_Name_121	ITEM_DESC_121	4	3	73	1	-1	FALSE	203301	414	48	0.04	69	6	37	3	0.04	0.04	0	0	0	0	0	0	0	0	0	0	0	0	0	0	0	0	0	0
	143004	HP+法攻+法防	Equip_Name_122	ITEM_DESC_122	4	3	78	1	-1	FALSE	203301	414	48	0.04	0	0	0	0	0	0	0	0	0	69	6	37	3	0.04	0.04	0	0	0	0	0	0	0	0	0
	143005	HP+物防	Equip_Name_123	ITEM_DESC_123	4	3	93	1	-1	FALSE	203301	511	59	0.04	0	0	46	4	0	0.04	0	0	0	0	0	0	0	0	0	0	0	0	0	0	0	0	0	0
	143006	HP+法防	Equip_Name_124	ITEM_DESC_124	4	3	88	1	-1	FALSE	203301	511	59	0.04	0	0	0	0	0	0	0	0	0	0	0	46	4	0	0.04	0	0	0	0	0	0	0	0	0
	144001	HP+物攻+物防	Equip_Name_125	ITEM_DESC_125	4	4	416	1	-1	FALSE	203401	1260	70	0.08	210	10	112	5	0.08	0.08	0	0	0	0	0	0	0	0	0	0	0	0	0	0	0	0	0	0
	144002	HP+法攻+法防	Equip_Name_126	ITEM_DESC_126	4	4	128	1	-1	FALSE	203401	1260	70	0.08	0	0	0	0	0	0	0	0	0	210	10	112	5	0.08	0.08	0	0	0	0	0	0	0	0	0
	144003	物攻+法防+物理穿透	Equip_Name_127	ITEM_DESC_127	4	4	416	1	-1	FALSE	203401	0	0	0	226	12	0	0	0.08	0	0	0	0.04	0	0	166	26	0	0.08	0	0	0	0	0	0	0	0	0
	144004	法攻+物防+法术穿透	Equip_Name_128	ITEM_DESC_128	4	4	416	1	-1	FALSE	203401	0	0	0	0	0	166	26	0	0.08	0	0	0	226	12	0	0	0.08	0	0	0	0.04	0	0	0	0	0	0
	144005	HP+物攻+物防	Equip_Name_129	ITEM_DESC_129	4	4	103	1	-1	FALSE	203401	1260	70	0.08	210	10	112	5	0.08	0.08	0	0	0	0	0	0	0	0	0	0	0	0	0	0	0	0	0	0
	144006	HP+法攻+法防	Equip_Name_130	ITEM_DESC_130	4	4	108	1	-1	FALSE	203401	1260	70	0.08	0	0	0	0	0	0	0	0	0	210	10	112	5	0.08	0.08	0	0	0	0	0	0	0	0	0
	144007	物攻+物防+物理吸血	Equip_Name_131	ITEM_DESC_131	4	4	416	1	-1	FALSE	203401	0	0	0	226	12	166	26	0.08	0.08	0.04	0	0	0	0	0	0	0	0	0	0	0	0	0	0	0	0	0
	144008	法攻+法防+法术吸血	Equip_Name_132	ITEM_DESC_132	4	4	416	1	-1	FALSE	203401	0	0	0	0	0	0	0	0	0	0	0	0	226	12	166	26	0.08	0.08	0.04	0	0	0	0	0	0	0	0
	144009	物攻+物防+冷却缩减%	Equip_Name_133	ITEM_DESC_133	4	4	416	1	-1	FALSE	203401	0	0	0	226	12	166	26	0.08	0.08	0	0	0	0	0	0	0	0	0	0	0	0	0	0	0	0	0	0.06
	144010	法攻+法防+冷却缩减%	Equip_Name_134	ITEM_DESC_134	4	4	416	1	-1	FALSE	203401	0	0	0	0	0	0	0	0	0	0	0	0	226	12	166	26	0.08	0.08	0	0	0	0	0	0	0	0	0.06
	145001	HP+物攻+物防	Equip_Name_135	ITEM_DESC_135	4	5	163	1	-1	FALSE	203501	2475	137	0.13	220	10	413	10	0.13	0.13	0	0	0	0	0	0	0	0	0	0	0	0	0	0	0	0	0	0
	145002	HP+法攻+法防	Equip_Name_136	ITEM_DESC_136	4	5	168	1	-1	FALSE	203501	2475	137	0.13	0	0	0	0	0	0	0	0	0	220	10	413	10	0.13	0.13	0	0	0	0	0	0	0	0	0
	145003	物攻+法防+物理穿透	Equip_Name_137	ITEM_DESC_137	4	5	158	1	-1	FALSE	203501	0	0	0	523	24	0	0	0.13	0	0	0	0.05	0	0	275	13	0	0.13	0	0	0	0	0	0	0	0	0
	145004	法攻+物防+法术穿透	Equip_Name_138	ITEM_DESC_138	4	5	198	1	-1	FALSE	203501	0	0	0	0	0	275	13	0	0.13	0	0	0	523	24	0	0	0.13	0	0	0	0.05	0	0	0	0	0	0
	145005	HP+物攻+物防	Equip_Name_139	ITEM_DESC_139	4	5	153	1	-1	FALSE	203501	2475	137	0.13	220	10	413	10	0.13	0.13	0	0	0	0	0	0	0	0	0	0	0	0	0	0	0	0	0	0
	145006	HP+法攻+法防	Equip_Name_140	ITEM_DESC_140	4	5	193	1	-1	FALSE	203501	2475	137	0.13	0	0	0	0	0	0	0	0	0	220	10	413	10	0.13	0.13	0	0	0	0	0	0	0	0	0
	145007	物攻+物防+物理吸血	Equip_Name_141	ITEM_DESC_141	4	5	416	1	-1	FALSE	203501	0	0	0	523	24	275	13	0.13	0.13	0.05	0	0	0	0	0	0	0	0	0	0	0	0	0	0	0	0	0
	145008	法攻+法防+法术吸血	Equip_Name_142	ITEM_DESC_142	4	5	416	1	-1	FALSE	203501	0	0	0	0	0	0	0	0	0	0	0	0	523	24	275	13	0.13	0.13	0.05	0	0	0	0	0	0	0	0
	145009	HP+物攻+物防+冷却缩减%	Equip_Name_143	ITEM_DESC_143	4	5	416	1	-1	FALSE	203501	2475	137	0.13	413	16	220	10	0.13	0.13	0	0	0	0	0	0	0	0	0	0	0	0	0	0	0	0	0	0.08
	145010	HP+法攻+法防+冷却缩减%	Equip_Name_144	ITEM_DESC_144	4	5	416	1	-1	FALSE	203501	2475	137	0.13	0	0	0	0	0	0	0	0	0	413	16	220	10	0.13	0.13	0	0	0	0	0	0	0	0	0.08
	145011	HP+物防+法防+伤害减免%	Equip_Name_145	ITEM_DESC_145	4	5	203	1	-1	FALSE	203501	2503	115	0.13	220	11	220	11	0	0.13	0	0	0	0	0	0	0	0	0.13	0	0	0	0.15	0	0	0	0	0
	145012	HP+物防+法防+真实伤害	Equip_Name_146	ITEM_DESC_146	4	5	208	1	-1	FALSE	203501	2503	115	0.13	220	11	220	11	0	0.13	0	0	0	0	0	0	0	0	0.13	0	0	0	0	470	0	0	0	0
	151001	HP	Equip_Name_147	ITEM_DESC_147	5	1	54	1	-1	FALSE	-1	130	32	0	0	0	0	0	0	0	0	0	0	0	0	0	0	0	0	0	0	0	0	0	0	0	0	0
	152001	HP	Equip_Name_148	ITEM_DESC_148	5	2	69	1	-1	FALSE	-1	325	46	0	0	0	0	0	0	0	0	0	0	0	0	0	0	0	0	0	0	0	0	0	0	0	0	0
	152002	HP+物攻	Equip_Name_149	ITEM_DESC_149	5	2	64	1	-1	FALSE	-1	275	39	0	48	4	0	0	0	0	0	0	0	0	0	0	0	0	0	0	0	0	0	0	0	0	0	0
	152003	HP+法攻	Equip_Name_150	ITEM_DESC_150	5	2	59	1	-1	FALSE	-1	275	39	0	0	0	0	0	0	0	0	0	0	48	4	0	0	0	0	0	0	0	0	0	0	0	0	0
	153001	物攻+物防+暴击率+暴击伤害	Equip_Name_151	ITEM_DESC_151	5	3	84	1	-1	FALSE	203301	0	0	0	88	7	46	4	0.04	0.04	0	0	0	0	0	0	0	0	0	0	0	0	0	0	0.11	0.03	0	0
	153002	法攻+物防+暴击率+暴击伤害	Equip_Name_152	ITEM_DESC_152	5	3	99	1	-1	FALSE	203301	0	0	0	0	0	0	0	0	0.04	0	0	0	88	7	46	4	0.04	0	0	0	0	0	0	0.11	0.03	0	0
	153003	HP+物攻+法防	Equip_Name_153	ITEM_DESC_153	5	3	74	1	-1	FALSE	203301	414	48	0.04	69	5	0	0	0.04	0	0	0	0	0	0	37	3	0	0.04	0	0	0	0	0	0	0	0	0
	153004	HP+法攻+物防	Equip_Name_154	ITEM_DESC_154	5	3	79	1	-1	FALSE	203301	414	48	0.04	0	0	37	3	0	0.04	0	0	0	69	5	0	0	0.04	0	0	0	0	0	0	0	0	0	0
	153005	物攻+物防+物理反弹	Equip_Name_155	ITEM_DESC_155	5	3	94	1	-1	FALSE	203301	0	0	0	88	7	46	4	0.04	0.04	0	0.03	0	0	0	0	0	0	0	0	0	0	0	0	0	0	0	0
	153006	法攻+法防+法术反弹	Equip_Name_156	ITEM_DESC_156	5	3	89	1	-1	FALSE	203301	0	0	0	0	0	0	0	0	0	0	0	0	88	7	46	4	0.04	0.04	0	0.03	0	0	0	0	0	0	0
	154001	物攻+物防+暴击率+暴击伤害	Equip_Name_157	ITEM_DESC_157	5	4	416	1	-1	FALSE	203401	0	0	0	266	12	140	6	0.08	0.08	0	0	0	0	0	0	0	0	0	0	0	0	0	0	0.13	0.04	0	0
	154002	法攻+法防+暴击率+暴击伤害	Equip_Name_158	ITEM_DESC_158	5	4	129	1	-1	FALSE	203401	0	0	0	0	0	0	0	0	0	0	0	0	266	12	140	6	0.08	0.08	0	0	0	0	0	0.13	0.04	0	0
	154003	HP+物攻+法防	Equip_Name_159	ITEM_DESC_159	5	4	416	1	-1	FALSE	203401	1260	70	0.08	210	10	0	0	0.08	0	0	0	0	0	0	112	5	0	0.08	0	0	0	0	0	0	0	0	0
	154004	HP+法攻+物防	Equip_Name_160	ITEM_DESC_160	5	4	416	1	-1	FALSE	203401	1260	70	0.08	0	0	112	5	0	0.08	0	0	0	210	10	0	0	0.08	0	0	0	0	0	0	0	0	0	0
	154005	HP+法防+物理反弹	Equip_Name_161	ITEM_DESC_161	5	4	104	1	-1	FALSE	203401	1554	90	0.08	0	0	0	0	0	0	0	0.05	0	0	0	140	6	0	0.08	0	0	0	0	0	0	0	0	0
	154006	HP+物防+法术反弹	Equip_Name_162	ITEM_DESC_162	5	4	109	1	-1	FALSE	203401	1554	90	0.08	0	0	140	6	0	0.08	0	0	0	0	0	0	0	0	0	0	0.05	0	0	0	0	0	0	0
	154007	物攻+法防+物理吸血	Equip_Name_163	ITEM_DESC_163	5	4	416	1	-1	FALSE	203401	0	0	0	266	12	0	0	0.08	0	0.04	0	0	0	0	140	6	0	0.08	0	0	0	0	0	0	0	0	0
	154008	法攻+物防+法术吸血	Equip_Name_164	ITEM_DESC_164	5	4	416	1	-1	FALSE	203401	0	0	0	0	0	140	6	0	0.08	0	0	0	266	12	0	0	0.08	0	0.04	0	0	0	0	0	0	0	0
	154009	HP+物防+伤害减免%	Equip_Name_165	ITEM_DESC_165	5	4	416	1	-1	FALSE	203401	1554	90	0.08	0	0	140	6	0	0.08	0	0	0	0	0	0	0	0	0	0	0	0	0.13	0	0	0	0	0
	154010	HP+法防+伤害减免%	Equip_Name_166	ITEM_DESC_166	5	4	416	1	-1	FALSE	203401	1554	90	0.08	0	0	0	0	0	0	0	0	0	0	0	140	6	0	0.08	0	0	0	0.13	0	0	0	0	0
	155001	物攻+物防+暴击率+暴击伤害	Equip_Name_167	ITEM_DESC_167	5	5	164	1	-1	FALSE	203501	0	0	0	523	24	275	13	0.13	0.13	0	0	0	0	0	0	0	0	0	0	0	0	0	0	0.15	0.05	0	0
	155002	法攻+法防+暴击率+暴击伤害	Equip_Name_168	ITEM_DESC_168	5	5	169	1	-1	FALSE	203501	0	0	0	0	0	0	0	0	0	0	0	0	523	24	275	13	0.13	0.13	0	0	0	0	0	0.15	0.05	0	0
	155003	HP+物攻+法防	Equip_Name_169	ITEM_DESC_169	5	5	159	1	-1	FALSE	203501	2475	137	0.13	413	19	0	0	0.13	0	0	0	0	0	0	220	10	0	0.13	0	0	0	0	0	0	0	0	0
	155004	HP+法攻+物防	Equip_Name_170	ITEM_DESC_170	5	5	199	1	-1	FALSE	203501	2475	137	0.13	0	0	220	10	0	0.13	0	0	0	419	19	0	0	0.13	0	0	0	0	0	0	0	0	0	0
	155005	HP+法防+物理反弹	Equip_Name_171	ITEM_DESC_171	5	5	154	1	-1	FALSE	203501	3053	165	0.13	0	0	0	0	0	0	0	0.07	0	0	0	275	13	0	0.13	0	0	0	0	0	0	0	0	0
	155006	HP+物防+法术反弹	Equip_Name_172	ITEM_DESC_172	5	5	194	1	-1	FALSE	203501	3053	165	0.13	0	0	275	13	0	0.13	0	0	0	0	0	0	0	0	0	0	0.07	0	0	0	0	0	0	0
	155007	物攻+法防+物理吸血	Equip_Name_173	ITEM_DESC_173	5	5	416	1	-1	FALSE	203501	0	0	0	523	24	0	0	0.13	0	0.05	0	0	0	0	275	13	0	0.13	0	0	0	0	0	0	0	0	0
	155008	法攻+物防+法术吸血	Equip_Name_174	ITEM_DESC_174	5	5	416	1	-1	FALSE	203501	0	0	0	0	0	275	13	0	0.13	0	0	0	523	24	0	0	0.13	0	0.05	0	0	0	0	0	0	0	0
	155009	HP+物攻+物防+伤害减免%	Equip_Name_175	ITEM_DESC_175	5	5	416	1	-1	FALSE	203501	2475	137	0.13	413	19	220	10	0.13	0.13	0	0	0	0	0	0	0	0	0	0	0	0	0.15	0	0	0	0	0
	155010	HP+法攻+法防+伤害减免%	Equip_Name_176	ITEM_DESC_176	5	5	416	1	-1	FALSE	203501	2475	137	0.13	0	0	0	0	0	0	0	0	0	413	19	220	10	0.13	0.13	0	0	0	0.15	0	0	0	0	0
	155011	HP+物防+法防+冷却缩减%	Equip_Name_177	ITEM_DESC_177	5	5	204	1	-1	FALSE	203501	2503	115	0.13	0	0	220	11	0	0.13	0	0	0	0	0	220	11	0	0.13	0	0	0	0	0	0	0	0	0
	155012	HP+物防+法防+真实伤害	Equip_Name_178	ITEM_DESC_178	5	5	209	1	-1	FALSE	203501	2503	115	0.13	0	0	220	11	0	0.13	0	0	0	0	0	220	11	0	0.13	0	0	0	0	0	0	0	0	0
	161001	HP	Equip_Name_179	ITEM_DESC_179	6	1	55	1	-1	FALSE	-1	130	32	0	0	0	0	0	0	0	0	0	0	0	0	0	0	0	0	0	0	0	0	0	0	0	0	0
	162001	HP	Equip_Name_180	ITEM_DESC_180	6	2	70	1	-1	FALSE	-1	325	46	0	0	0	0	0	0	0	0	0	0	0	0	0	0	0	0	0	0	0	0	0	0	0	0	0
	162002	HP+物攻	Equip_Name_181	ITEM_DESC_181	6	2	65	1	-1	FALSE	-1	275	39	0	48	4	0	0	0	0	0	0	0	0	0	0	0	0	0	0	0	0	0	0	0	0	0	0
	162003	HP+法攻	Equip_Name_182	ITEM_DESC_182	6	2	60	1	-1	FALSE	-1	275	39	0	0	0	0	0	0	0	0	0	0	48	4	0	0	0	0	0	0	0	0	0	0	0	0	0
	163001	HP+物攻	Equip_Name_183	ITEM_DESC_183	6	3	85	1	-1	FALSE	203301	506	57	0.04	88	7	0	0	0.04	0	0	0	0	0	0	0	0	0	0	0	0	0	0	0	0	0	0	0
	163002	HP+法攻	Equip_Name_184	ITEM_DESC_184	6	3	100	1	-1	FALSE	203301	506	57	0.04	0	0	0	0	0	0	0	0	0	88	7	0	0	0.04	0	0	0	0	0	0	0	0	0	0
	163003	HP+物攻+物防	Equip_Name_185	ITEM_DESC_185	6	3	75	1	-1	FALSE	203301	414	48	0.04	69	5	37	3	0.04	0.04	0	0	0	0	0	0	0	0	0	0	0	0	0	0	0	0	0	0
	163004	HP+法攻+法防	Equip_Name_186	ITEM_DESC_186	6	3	80	1	-1	FALSE	203301	414	48	0.04	0	0	0	0	0	0	0	0	0	69	5	37	3	0.04	0.04	0	0	0	0	0	0	0	0	0
	163005	HP+物防	Equip_Name_187	ITEM_DESC_187	6	3	95	1	-1	FALSE	203301	511	59	0.04	0	0	46	4	0	0.04	0	0	0	0	0	0	0	0	0	0	0	0	0	0	0	0	0	0
	163006	HP+法防	Equip_Name_188	ITEM_DESC_188	6	3	90	1	-1	FALSE	203301	511	59	0.04	0	0	0	0	0	0	0	0	0	0	0	46	4	0	0.04	0	0	0	0	0	0	0	0	0
	164001	HP+物攻+法防	Equip_Name_189	ITEM_DESC_189	6	4	416	1	-1	FALSE	203401	1260	70	0.08	210	10	0	0	0.08	0	0	0	0	0	0	112	5	0	0.08	0	0	0	0	0	0	0	0	0
	164002	HP+法攻+物防	Equip_Name_190	ITEM_DESC_190	6	4	130	1	-1	FALSE	203401	1260	70	0.08	0	0	112	5	0	0.08	0	0	0	210	10	0	0	0.08	0	0	0	0	0	0	0	0	0	0
	164003	物攻+物防+物理穿透	Equip_Name_191	ITEM_DESC_191	6	4	416	1	-1	FALSE	203401	0	0	0	266	12	140	6	0.08	0.08	0	0	0.04	0	0	0	0	0	0	0	0	0	0	0	0	0	0	0
	164004	法攻+法防+法术穿透	Equip_Name_192	ITEM_DESC_192	6	4	416	1	-1	FALSE	203401	0	0	0	0	0	0	0	0	0	0	0	0	266	12	140	6	0.08	0.08	0	0	0.04	0	0	0	0	0	0
	164005	HP+物攻+物防	Equip_Name_193	ITEM_DESC_193	6	4	105	1	-1	FALSE	203401	1260	70	0.08	210	10	112	5	0.08	0.08	0	0	0	0	0	0	0	0	0	0	0	0	0	0	0	0	0	0
	164006	HP+法攻+法防	Equip_Name_194	ITEM_DESC_194	6	4	110	1	-1	FALSE	203401	1260	70	0.08	0	0	0	0	0	0	0	0	0	210	10	112	5	0.08	0.08	0	0	0	0	0	0	0	0	0
	164007	物攻+物防+物理吸血	Equip_Name_195	ITEM_DESC_195	6	4	416	1	-1	FALSE	203401	0	0	0	266	12	140	6	0.08	0.08	0.04	0	0	0	0	0	0	0	0	0	0	0	0	0	0	0	0	0
	164008	法攻+法防+法术吸血	Equip_Name_196	ITEM_DESC_196	6	4	416	1	-1	FALSE	203401	0	0	0	0	0	0	0	0	0	0	0	0	266	12	140	6	0.08	0.08	0.04	0	0	0	0	0	0	0	0
	164009	HP+物防+真实伤害	Equip_Name_197	ITEM_DESC_197	6	4	416	1	-1	FALSE	203401	1554	90	0.08	0	0	140	6	0	0.08	0	0	0	0	0	0	0	0	0	0	0	0	0	370	0	0	0	0
	164010	HP+法防+真实伤害	Equip_Name_198	ITEM_DESC_198	6	4	416	1	-1	FALSE	203401	1554	90	0.08	0	0	0	0	0	0	0	0	0	0	0	140	6	0	0.08	0	0	0	0	370	0	0	0	0
	165001	HP+物攻+法防	Equip_Name_199	ITEM_DESC_199	6	5	165	1	-1	FALSE	203501	2475	137	0.13	413	19	0	0	0.13	0	0	0	0	0	0	220	10	0	0.13	0	0	0	0	0	0	0	0	0
	165002	HP+法攻+物防	Equip_Name_200	ITEM_DESC_200	6	5	170	1	-1	FALSE	203501	2475	137	0.13	0	0	220	10	0	0.13	0	0	0	413	19	0	0	0.13	0	0	0	0	0	0	0	0	0	0
	165003	物攻+物防+物理穿透	Equip_Name_201	ITEM_DESC_201	6	5	160	1	-1	FALSE	203501	0	0	0	523	24	275	13	0.13	0.13	0	0	0.05	0	0	0	0	0	0	0	0	0	0	0	0	0	0	0
	165004	法攻+法防+法术穿透	Equip_Name_202	ITEM_DESC_202	6	5	200	1	-1	FALSE	203501	0	0	0	0	0	0	0	0	0	0	0	0	523	24	275	13	0.13	0.13	0	0	0.05	0	0	0	0	0	0
	165005	HP+物攻+物防	Equip_Name_203	ITEM_DESC_203	6	5	155	1	-1	FALSE	203501	2475	137	0.13	413	19	220	10	0.13	0.13	0	0	0	0	0	0	0	0	0	0	0	0	0	0	0	0	0	0
	165006	HP+法攻+法防	Equip_Name_204	ITEM_DESC_204	6	5	195	1	-1	FALSE	203501	2475	137	0.13	0	0	0	0	0	0	0	0	0	413	19	220	10	0.13	0.13	0	0	0	0	0	0	0	0	0
	165007	物攻+物防+物理吸血	Equip_Name_205	ITEM_DESC_205	6	5	416	1	-1	FALSE	203501	0	0	0	523	24	275	13	0.13	0.13	0.05	0	0	0	0	0	0	0	0	0	0	0	0	0	0	0	0	0
	165008	法攻+法防+法术吸血	Equip_Name_206	ITEM_DESC_206	6	5	416	1	-1	FALSE	203501	0	0	0	0	0	0	0	0	0	0	0	0	523	24	275	13	0.13	0.13	0.05	0	0	0	0	0	0	0	0
	165009	HP+物攻+物防+真实伤害	Equip_Name_207	ITEM_DESC_207	6	5	416	1	-1	FALSE	203501	2475	137	0.13	413	19	220	10	0.13	0.13	0	0	0	0	0	0	0	0	0	0	0	0	0	470	0	0	0	0
	165010	HP+法攻+法防+真实伤害	Equip_Name_208	ITEM_DESC_208	6	5	416	1	-1	FALSE	203501	2475	137	0.13	0	0	0	0	0	0	0	0	0	413	19	220	10	0.13	0.13	0	0	0	0	470	0	0	0	0
	165011	HP+物防+法防+冷却缩减%	Equip_Name_209	ITEM_DESC_209	6	5	205	1	-1	FALSE	203501	2503	115	0.13	0	0	220	11	0	0.13	0	0	0	0	0	220	11	0	0.13	0	0	0	0	0	0	0	0	0.08
	165012	HP+物防+法防+伤害减免%	Equip_Name_210	ITEM_DESC_210	6	5	210	1	-1	FALSE	203501	2503	115	0.13	0	0	220	11	0	0.13	0	0	0	0	0	220	11	0	0.13	0	0	0	0.15	0	0	0	0	0
	161099	暴击100%	Equip_Name_211	ITEM_DESC_211	6	1	416	1	-1	FALSE	-1	0	0	0	0	0	0	0	0	0	0	0	0	0	0	0	0	0	0	0	0	0	0	0	0.5	0.9	0	0
	151099	冷却缩减	Equip_Name_212	ITEM_DESC_212	5	1	416	1	-1	FALSE	-1	0	0	0	0	0	0	0	0	0	0	0	0	0	0	0	0	0	0	0	0	0	0	0	0	0	0	1
	141099	物理吸血	Equip_Name_213	ITEM_DESC_213	4	1	416	1	-1	FALSE	-1	0	0	0	0	0	0	0	0	0	0.9	0	0	0	0	0	0	0	0	0	0	0	0	0	0	0	0	0
	131099	法术吸血	Equip_Name_214	ITEM_DESC_214	3	1	416	1	-1	FALSE	-1	0	0	0	0	0	0	0	0	0	0	0	0	0	0	0	0	0	0	0.9	0	0	0	0	0	0	0	0
